0.0403599 0.113595 -0.650309 
0.584439 -1.50547 3.18582 
0.90988 -7.88758 -2.46919 
1.12028 -3.9823 6.98055 
-1.24403 1.0083 1.24821 
7.66453 -5.72426 4.64569 
7.11109 0.246095 -2.51894 
-6.66763 -1.51458 -0.928319 
4.29368 -3.07623 -3.96053 
6.50344 -4.34785 -0.270955 
7.05604 -4.27487 0.208879 
6.06281 -4.05265 -6.76309 
4.50443 7.43686 0.75676 
-7.4889 5.49209 -3.41238 
-6.57994 5.61903 -2.90105 
-3.54391 -6.11517 -7.44598 
-6.37189 -5.12699 5.1847 
-7.68503 -2.11732 0.504713 
-5.65117 -2.03275 -1.02816 
2.38163 0.0542871 -2.12045 
-2.38111 0.246331 -3.70039 
1.56246 -4.33203 -3.61068 
3.56954 0.131041 -5.82899 
4.13715 -3.27933 -0.796484 
4.13428 -6.65248 -0.356466 
-6.85347 -7.14919 1.47744 
-3.56375 -4.3429 2.93366 
-7.22485 -0.0360517 3.05396 
-5.48095 0.12662 5.26306 
-4.28246 2.98818 3.21725 
-5.0445 5.72129 -7.3624 
6.85755 -7.65155 7.53565 
-5.34171 6.13079 -4.9088 
-3.54958 6.48579 -7.26866 
2.50859 -7.89373 5.11269 
2.15638 -4.02272 -5.53055 
-4.678 -1.33231 -3.67367 
-5.52483 -2.85403 7.74679 
-6.04448 7.95532 7.81733 
6.25651 0.272505 -1.6309 
-0.551579 -3.80617 2.28519 
5.29092 -1.66958 2.08508 
7.72698 -4.26987 -2.28437 
1.12684 -5.67281 -3.94043 
-0.578571 -3.28771 -2.1987 
-5.30007 -3.75296 -0.941995 
-2.78162 -0.526236 -1.59024 
-1.0118 -1.57416 1.29554 
4.1451 -2.69752 -3.68567 
3.42179 7.11752 -2.24122 
1.66562 5.11315 -0.315828 
-0.0544836 5.68488 0.629706 
-3.40419 -7.1723 1.22533 
-4.0531 4.15775 -0.270804 
-6.36966 -2.94668 -7.93977 
-0.858518 -5.60637 -6.46664 
-4.80387 -7.4803 -6.18857 
-5.00505 -5.99315 -0.574634 
-5.38225 4.95337 -4.00477 
-7.2938 7.10682 6.07096 
-5.08657 7.38408 2.38454 
-3.48765 4.1758 3.93002 
-7.47316 7.79572 4.67854 
-7.89012 -0.943444 -7.08125 
-4.66533 0.871948 -5.85276 
-1.53786 -7.01405 -4.47445 
-5.12123 6.22529 0.216417 
-5.3466 7.29564 -4.70992 
-4.35987 6.40991 0.88332 
-0.97436 5.43586 -4.4425 
-2.50705 4.36104 -4.22458 
-1.46283 2.42832 -7.49191 
-1.47418 1.03433 -7.20599 
-2.41754 0.635208 7.53714 
-0.0938184 -0.196624 5.41124 
-2.53883 -2.40359 6.24487 
-5.92954 -0.247545 -1.46197 
-7.32642 -0.0955024 -3.28927 
-1.9823 1.40846 0.588016 
0.210271 -0.109061 -4.68608 
-0.148944 -3.1147 7.82635 
-3.56354 -1.54951 -6.13424 
-4.87093 1.2794 6.97012 
-3.32926 4.64421 2.24288 
-1.8427 -5.29463 3.37431 
4.26552 -4.5326 -4.031 
2.04472 -6.04399 6.81505 
-4.52804 -5.45657 3.94368 
-5.9123 -1.86116 7.9887 
-1.83775 0.784383 5.36447 
7.98752 0.517323 0.834299 
-0.364089 0.0248782 -7.59465 
-1.22331 1.1361 6.42185 
0.618889 0.969713 7.61824 
1.89894 -0.323661 2.61492 
6.38407 -6.41985 -6.01348 
6.94682 -3.58102 4.81552 
7.34655 7.17588 6.58975 
3.86181 4.55506 1.58971 
2.53536 1.22169 -4.01936 
-0.815535 -0.935661 -2.65428 
-1.30122 -1.40922 0.0140761 
3.39303 -3.71543 -2.99571 
-5.10243 3.1345 6.70353 
5.08005 -2.41642 3.6115 
2.08037 -1.40989 -3.99233 
6.5664 1.64102 -3.24635 
-5.2129 -4.45652 5.31523 
6.59406 6.73197 -4.34544 
6.71838 6.82393 4.92042 
4.349 -6.48395 -6.80922 
-1.96256 -3.46671 5.95373 
-0.183967 5.20477 -2.08533 
2.59847 3.09084 5.4599 
5.89533 -0.0314214 -6.53846 
7.91567 -2.70746 -2.70259 
6.62746 7.89466 -2.59098 
6.4813 6.82162 -6.33771 
5.74542 5.71284 -5.38536 
-4.66375 -5.00109 -5.42383 
7.30903 6.55099 -6.65999 
7.40493 4.40437 -1.60105 
-5.00274 4.93066 1.65416 
-3.55409 1.67894 1.1767 
-3.51495 -1.54924 4.56722 
-5.8051 -1.84735 -3.94331 
-7.11785 -5.70227 -2.69704 
4.44373 -7.82677 1.39335 
-7.81923 -3.65392 -4.73203 
-4.28044 -0.66911 -3.54999 
-4.81415 2.80072 -2.2005 
-2.86116 1.3479 3.89651 
-0.228793 4.4436 7.6621 
-3.63042 2.21877 -3.83819 
-6.72784 2.46903 -1.2447 
-6.46703 -0.217485 6.08749 
7.14461 -3.13962 3.48945 
5.04981 -2.55076 -7.6968 
-5.61005 -1.18764 -7.21919 
-6.28123 -5.93228 -7.69085 
-6.48068 -2.39826 -6.94085 
7.42389 -0.464568 5.60233 
-3.14613 6.42945 0.0560018 
1.57155 -2.92358 0.569923 
1.92202 -0.513761 -0.988074 
3.37386 -3.66165 -4.8512 
-6.20261 -7.30839 -1.30211 
3.84566 -7.97902 -0.0308627 
2.74089 -5.74125 3.56118 
-3.1644 -3.71363 -0.0731392 
