-137.5 -137.5 -137.5 
-112.5 -137.5 -137.5 
-87.5 -137.5 -137.5 
-62.5 -137.5 -137.5 
-137.5 -112.5 -137.5 
-112.5 -112.5 -137.5 
-87.5 -112.5 -137.5 
-62.5 -112.5 -137.5 
-137.5 -87.5 -137.5 
-112.5 -87.5 -137.5 
-87.5 -87.5 -137.5 
-62.5 -87.5 -137.5 
-137.5 -62.5 -137.5 
-112.5 -62.5 -137.5 
-87.5 -62.5 -137.5 
-62.5 -62.5 -137.5 
-137.5 -137.5 -112.5 
-112.5 -137.5 -112.5 
-87.5 -137.5 -112.5 
-62.5 -137.5 -112.5 
-137.5 -112.5 -112.5 
-112.5 -112.5 -112.5 
-87.5 -112.5 -112.5 
-62.5 -112.5 -112.5 
-137.5 -87.5 -112.5 
-112.5 -87.5 -112.5 
-87.5 -87.5 -112.5 
-62.5 -87.5 -112.5 
-137.5 -62.5 -112.5 
-112.5 -62.5 -112.5 
-87.5 -62.5 -112.5 
-62.5 -62.5 -112.5 
-137.5 -137.5 -87.5 
-112.5 -137.5 -87.5 
-87.5 -137.5 -87.5 
-62.5 -137.5 -87.5 
-137.5 -112.5 -87.5 
-112.5 -112.5 -87.5 
-87.5 -112.5 -87.5 
-62.5 -112.5 -87.5 
-137.5 -87.5 -87.5 
-112.5 -87.5 -87.5 
-87.5 -87.5 -87.5 
-62.5 -87.5 -87.5 
-137.5 -62.5 -87.5 
-112.5 -62.5 -87.5 
-87.5 -62.5 -87.5 
-62.5 -62.5 -87.5 
-137.5 -137.5 -62.5 
-112.5 -137.5 -62.5 
-87.5 -137.5 -62.5 
-62.5 -137.5 -62.5 
-137.5 -112.5 -62.5 
-112.5 -112.5 -62.5 
-87.5 -112.5 -62.5 
-62.5 -112.5 -62.5 
-137.5 -87.5 -62.5 
-112.5 -87.5 -62.5 
-87.5 -87.5 -62.5 
-62.5 -87.5 -62.5 
-137.5 -62.5 -62.5 
-112.5 -62.5 -62.5 
-87.5 -62.5 -62.5 
-62.5 -62.5 -62.5 
