-0.188731 5.92566 1.77965 
5.88308 0.434701 -5.953 
-5.24832 0.230426 -5.93229 
-6.08304 -7.72951 -7.37765 
-7.05399 -4.45227 6.76142 
-1.45218 -3.64959 -5.51529 
-4.78985 -1.78609 2.77387 
2.88005 -3.77514 -0.355084 
1.827 -4.43484 -5.20827 
-1.71245 -4.13664 7.6868 
-3.89508 6.33498 6.895 
7.11099 5.95711 -1.10932 
-7.00807 -1.53364 4.05143 
7.23998 5.11889 -5.9827 
-7.29726 -1.39977 -6.50365 
1.36518 -2.9318 3.32108 
2.81865 6.65437 2.50027 
-3.48789 -5.02872 -5.79397 
5.02782 -1.43067 -4.90621 
-2.38692 6.47856 0.739978 
-7.74893 -1.21048 -7.51718 
6.67501 1.49092 1.48394 
0.220431 -5.88138 -3.22171 
7.89743 4.03318 -3.84762 
-0.662415 -0.906089 -1.9994 
-1.94941 4.4977 7.74661 
-0.699215 -6.507 -1.38504 
2.42141 -3.9287 5.5642 
-5.70678 4.53203 2.65727 
-4.52459 -7.99855 5.80155 
7.73028 3.29945 2.14107 
-2.85911 4.105 1.41397 
5.86373 -3.74688 7.78913 
-6.80408 -2.53655 -0.964392 
3.38178 0.343012 -2.15631 
2.13372 -3.54168 -3.40274 
7.03481 7.35537 6.4361 
7.67953 6.76125 -6.60064 
-1.35968 6.258 -4.96509 
-4.16374 -1.86359 5.86537 
1.56682 6.16108 -7.69929 
1.78853 7.96709 3.41426 
-7.41711 -1.53727 -1.90811 
-4.8663 -5.17139 -7.68128 
-5.8991 -1.25695 -2.93994 
2.43475 5.56416 4.37014 
7.54671 -5.55422 6.29155 
1.17803 -3.74649 1.23032 
-5.68968 -4.05628 -6.93238 
-5.85485 -7.55768 3.4961 
