-3.07187 5.06328 -2.57657 
2.95718 -0.964646 0.231031 
-4.78024 -2.74933 1.95792 
-2.34989 5.75234 6.70146 
4.95382 -0.421592 6.18064 
4.44496 7.15694 -1.36923 
1.04132 -6.74776 -0.557165 
5.42388 -0.310185 5.21917 
2.42626 4.32078 -4.56822 
5.99544 5.63448 7.78928 
7.47901 -2.64526 -3.84927 
-0.174555 -1.0684 1.3707 
-2.23861 -2.74403 -0.460494 
-6.83573 1.30976 5.25967 
6.58153 5.44213 3.69498 
-5.10344 6.68411 7.14062 
3.78672 -3.98837 -0.0507554 
-7.69155 6.07524 -1.62492 
-2.46266 -7.83053 -1.14948 
-2.99116 -0.882784 2.18316 
3.30774 -0.168999 -0.0821214 
7.47982 4.61997 -0.486586 
7.7494 -0.596046 -7.02905 
-3.22539 -6.71004 6.30563 
0.300067 -4.58192 3.89414 
-0.295489 4.37685 -1.857 
-1.76878 3.07231 -7.42745 
5.09288 4.3984 5.61132 
2.4799 3.77395 5.40254 
-5.43453 -2.4874 -5.51003 
1.89365 7.64713 4.28033 
7.59888 6.50005 5.00425 
-1.88179 4.96505 4.59369 
4.03312 0.732751 4.6211 
1.24452 -1.35643 -0.517609 
6.55862 7.88011 3.44676 
-2.77618 2.32408 3.27978 
2.07941 -0.808257 1.53243 
4.71921 7.81157 2.95187 
0.757194 -0.330716 -5.58178 
-0.00569661 5.04306 -4.39448 
-1.77111 2.49286 -4.63596 
-5.04772 -4.60821 7.11053 
7.24691 -6.45075 5.17687 
4.24592 -3.7894 3.62912 
-1.8656 -5.55853 2.67975 
-1.23475 -4.82162 7.24111 
-6.73532 4.50036 2.2889 
-4.09353 0.559531 6.22114 
4.28554 -1.99479 -7.78094 
