-6.89567 -1.44113 -0.930342 
7.29854 -5.2474 -2.63603 
-2.06593 -2.35099 2.75128 
7.42064 -6.01524 0.475546 
-0.844638 0.450116 -5.20498 
-4.36235 -0.484626 2.39985 
-4.32517 -5.87324 -1.68205 
5.35895 -4.57265 -0.627043 
-7.41799 -4.59871 3.7696 
2.19345 6.70016 4.25258 
4.11708 6.27986 -6.5207 
5.91284 0.75157 -1.82815 
-1.18749 -3.41532 -4.4272 
6.60066 -3.58831 -2.26888 
-0.9837 -7.19615 5.24329 
0.293234 3.27948 5.88098 
-6.85068 2.24615 1.69844 
5.11131 -6.56934 0.616325 
5.07981 4.25571 -1.14059 
-5.22364 -3.74454 0.965974 
-6.77226 6.01437 -4.12239 
-7.3878 1.49636 1.55366 
-1.50238 3.97285 1.62148 
0.63822 0.0151626 3.59763 
4.30145 3.12667 -4.89376 
1.5959 0.70238 -3.63208 
-3.11476 -5.51337 6.09713 
5.06621 -7.14987 0.604765 
-0.66299 7.82617 -4.53676 
4.47078 2.81237 -6.40737 
3.66539 -3.34808 2.22822 
1.50964 5.34897 6.22804 
4.97916 -6.6715 7.83358 
0.147516 -1.44874 7.47364 
-2.84381 -1.85867 1.09532 
-3.99785 -5.36106 5.44889 
-7.47137 6.79786 -4.54048 
4.13957 -1.42411 6.85403 
-4.5019 -1.34002 -4.69401 
-1.48676 -7.50963 7.9896 
-6.34661 4.77296 -3.42141 
5.49679 3.10746 0.964158 
0.546195 7.89947 -7.60946 
-1.86686 -4.73926 2.71747 
7.35854 -1.33623 3.35009 
-0.392566 -7.79998 3.13531 
-2.88516 0.900514 -0.971766 
7.50392 -1.20083 -6.29468 
-3.3909 -0.382757 -3.55482 
-1.85453 -6.73984 0.110373 
