-2.05554 7.72373 -3.93984 
7.84901 -6.2601 -4.21444 
4.79959 6.967 -0.813107 
-2.9579 4.52944 3.42478 
0.0452519 5.8893 6.43583 
-5.72714 -2.05969 7.10823 
-6.43233 -0.364541 4.78413 
-7.55136 -3.07087 5.1486 
7.20403 4.87173 -0.824774 
-7.80941 2.35837 7.57173 
-0.159662 -4.11208 -7.95984 
-5.19523 -7.4868 3.29251 
-5.82277 0.422229 -0.0100446 
-1.86226 -0.518495 1.3521 
5.2324 4.24218 5.10035 
7.41837 -3.67868 -7.35374 
4.74064 1.78595 0.441414 
-7.18133 -3.83343 -1.03148 
-1.3001 -3.45611 7.13072 
-3.18461 -6.10055 -7.21665 
4.34734 -4.56959 4.51788 
-6.5882 -0.887393 6.65368 
1.83501 3.71673 -2.19198 
-4.5791 -3.39606 -3.21981 
1.15632 -5.33483 -0.136725 
2.09128 2.99661 1.78341 
-4.15092 5.42701 -4.87594 
-5.29674 0.682299 -2.96828 
1.39883 2.78494 3.22673 
-0.247377 0.647343 -3.35562 
-1.18885 7.66855 -5.52925 
4.6688 0.0952179 5.71062 
5.05301 -6.97365 5.08698 
4.92846 -0.781691 2.25695 
3.59951 0.0522809 3.78406 
4.08701 3.78775 -6.5034 
-7.56925 -4.92121 3.42532 
-4.4959 5.70793 -6.8007 
-7.80148 -1.64186 -3.78361 
1.69492 -2.67896 -0.648308 
-4.467 0.6993 -3.73738 
7.84508 -1.69497 2.69759 
-0.686512 5.33727 7.20052 
-5.62088 -7.08551 -3.02217 
5.47489 4.9346 5.75438 
4.57458 -5.80729 2.65335 
7.25963 1.79074 6.21223 
2.91762 -7.02122 -7.51674 
-3.24119 4.68867 7.7275 
3.72493 -1.79451 3.26327 
