6.82132 7.53598 -0.667884 
-5.07285 7.95694 -4.25673 
4.76619 -1.22186 -1.22782 
-4.81144 3.78355 0.00485092 
0.171964 -0.813266 -2.99494 
-1.25391 -2.25079 5.18654 
2.58859 -0.464681 3.72074 
7.3979 -4.93156 0.954531 
-2.31959 -1.47087 3.904 
7.68636 -0.21021 -6.92891 
-7.48435 4.96117 -0.519473 
7.1944 1.85716 7.71222 
-5.55307 -0.646877 -7.60035 
2.21269 -3.28068 -4.81237 
-2.40012 -0.886737 3.69333 
6.11689 7.79169 -4.89198 
-7.79993 2.92466 1.47382 
3.7592 -4.90761 -3.71426 
0.969816 1.17135 -2.11022 
-0.508233 -1.90945 3.8508 
-6.09635 1.93816 4.93475 
5.33324 -7.23598 -2.77813 
0.19755 -4.29427 1.53543 
3.6352 -2.57174 -2.53669 
-0.657767 -6.228 -5.19276 
3.28714 -1.45057 5.83845 
-1.79449 4.25195 4.4775 
7.54208 5.74917 -2.06538 
-6.17857 -5.39061 -7.9332 
2.93868 3.58582 5.75881 
4.94315 6.26962 2.46441 
7.83152 -5.57682 -3.65525 
-3.56181 6.78468 -2.81834 
2.28403 -1.48625 1.73654 
6.56457 2.73894 2.65333 
-2.32124 7.85365 1.31495 
7.94368 -2.83837 -6.14657 
-0.267044 -3.58811 -3.19937 
3.69978 3.50353 6.63216 
-2.04635 4.01614 -4.54741 
1.71268 -1.54427 5.43188 
-7.59571 3.12067 7.197 
3.5673 -7.13935 6.37262 
4.2355 2.60186 -1.52306 
5.63564 -0.608711 6.52774 
-6.77619 -4.23811 -5.23025 
6.69732 4.99216 1.07433 
1.88214 -2.47417 -6.77957 
-5.82671 -7.07767 -3.87508 
-3.65121 3.43616 -6.20485 
