6.37767 7.35275 6.44811 
-7.45832 3.72995 4.32695 
-3.51579 4.55474 2.12294 
-7.22237 -3.74091 -1.006 
3.8465 -2.72485 -3.97014 
-3.97179 -1.53414 2.62905 
3.47157 -3.4661 0.0225646 
1.33499 -0.0150545 0.16544 
0.33206 0.26587 -4.81352 
-4.47839 -5.91409 6.73638 
4.82964 -4.92156 -2.99882 
2.86661 -0.749203 2.13863 
-3.54212 1.28352 3.61408 
4.10517 3.17826 4.20296 
7.00455 7.37873 -5.54063 
0.122813 -2.09516 5.10571 
-6.06335 7.83068 -4.04147 
-5.71122 2.50697 -0.315682 
7.82783 -0.11116 3.56083 
6.86568 -0.940742 -7.50754 
1.29193 2.68069 2.84346 
-1.75164 3.71149 -5.47503 
-2.63361 3.68707 -6.05764 
0.629773 -6.56441 -6.83828 
-5.00978 -6.30247 -0.89122 
0.709222 -0.783277 6.3232 
6.50562 3.95627 -7.82619 
2.63757 -6.11163 6.24972 
-6.69201 -0.0131578 4.03004 
-1.25359 -2.33664 -0.238532 
-5.03558 -7.99209 3.72182 
-3.31064 -4.59669 0.0398627 
-2.73337 -3.5311 2.95252 
-3.32124 1.12216 -4.64792 
-0.363867 0.0873544 -3.30155 
5.2734 -4.51016 -3.88862 
5.94026 5.26784 -7.76694 
7.96498 7.88359 -7.26109 
-6.61018 0.322929 4.61259 
-7.53415 1.7083 6.77775 
5.32225 -3.46776 -4.10864 
-4.77626 7.25227 -1.35639 
5.3451 -3.60399 5.00533 
-6.25016 4.37035 4.08456 
0.0195988 6.76237 1.23753 
-6.01122 -2.72964 -5.25448 
5.35868 2.96237 -1.71801 
-5.2633 0.961101 -5.22121 
5.5467 -2.28856 2.68877 
5.34803 -6.70518 -0.66048 
