-0.0765802 0.475239 -3.46484 
-6.81233 -5.20246 0.0482115 
-6.61067 -0.356253 7.30525 
-3.58374 5.85733 6.14484 
-5.85824 -6.79543 1.133 
0.368661 2.18003 3.01406 
5.99955 7.09967 7.66898 
4.06477 2.56955 -4.35655 
-3.0981 -7.37506 1.108 
-1.9608 -3.93303 -1.54257 
-0.107255 4.05315 2.08659 
4.54039 1.10485 -3.87769 
-5.54821 5.04838 -4.06808 
0.146458 -4.87125 -1.92683 
-0.274483 0.685543 -4.13697 
5.67881 -3.01838 7.02647 
0.994713 0.462965 -1.03277 
1.26523 7.94659 -5.25209 
3.99971 3.85705 -6.68336 
-5.84394 0.255196 -7.33059 
-1.5188 -5.38729 -5.49633 
-5.95322 5.50285 -5.00167 
7.40159 -3.91856 2.95538 
1.80519 6.56745 2.37017 
0.0308085 -0.502665 -7.91423 
2.89148 0.95938 4.31187 
3.66432 -4.94265 7.35683 
6.49101 0.276959 -3.6865 
-4.5386 -0.648634 -5.2481 
-4.25381 4.17997 7.41784 
3.44204 -0.255993 -7.30539 
6.8694 0.855675 0.846211 
-1.1346 0.136831 -3.66615 
4.52659 -3.23805 6.5406 
-1.68879 4.07795 -5.55644 
5.74323 -6.32525 5.23908 
4.51457 6.49421 -2.41414 
-6.13993 -3.64926 4.96213 
-3.09702 4.36693 -2.37184 
-6.94897 7.44355 1.15948 
-7.72874 -2.00111 7.9262 
7.05274 -4.7756 -2.10972 
2.90117 0.475723 -0.769602 
1.33291 -7.83156 -6.11914 
-2.88962 -5.53444 2.87641 
-6.43436 1.36165 6.33629 
4.03272 -4.08062 0.242434 
0.397833 6.21557 0.566238 
7.1076 7.8648 -2.85935 
7.38852 -7.72226 5.22372 
