-4.25417 7.5228 -6.94694 
-3.91146 -4.17138 6.6299 
-1.69776 -4.885 1.58831 
-7.22683 -5.06638 -2.14807 
5.99707 5.37887 -7.63247 
2.28902 -6.29316 6.33544 
-7.90207 -4.42631 -5.15621 
4.39151 -2.7576 2.61678 
0.766012 7.21362 2.10048 
-6.80413 -6.62258 -7.617 
-4.39899 6.16482 -2.58743 
5.82533 -3.09561 4.50765 
3.32234 7.72481 4.22588 
6.38156 -5.09544 4.83425 
6.8586 6.72589 -4.16253 
-1.27596 -0.489128 1.97497 
-6.22927 -3.9784 -3.5162 
-6.7989 0.600646 0.646139 
-5.99366 0.911009 -1.12074 
-3.77594 -7.14798 -4.62347 
2.32623 7.2504 4.47639 
-5.09321 6.16769 0.973856 
3.44365 4.43116 -2.69852 
5.99145 -5.06389 5.58098 
1.46844 -5.57338 -4.77967 
3.76066 -0.873554 6.76973 
-2.48168 -7.80421 2.03718 
5.94305 1.82754 7.01625 
1.70166 5.72163 2.81513 
5.05012 5.83888 -1.19204 
-4.56076 4.36516 1.00087 
4.41073 -5.14791 -5.63787 
-7.10641 -3.60613 -3.68485 
4.6068 -2.99031 6.73419 
2.51346 -1.82684 4.81852 
-2.20894 -0.969367 -4.48734 
3.71745 -2.28758 3.25452 
0.753867 5.48119 2.45254 
5.57771 -3.00197 -2.08391 
6.05397 -4.50934 -4.49681 
-2.91264 6.79608 3.01552 
-0.332347 -1.37129 -7.66296 
-6.62859 0.341096 2.49557 
-4.75662 -2.17535 6.30995 
4.08227 4.76201 -0.128206 
0.757538 3.15174 0.906134 
-0.488108 -7.69144 -4.02827 
3.50444 -3.91254 2.04465 
2.61817 6.6777 -2.05059 
-1.89794 1.20339 -0.93212 
