6.49967 -6.2182 0.524674 
0.788313 1.78956 2.94462 
-2.02985 6.65836 -0.159897 
-1.03922 4.40105 -4.09316 
-0.0134544 -4.44279 -1.45841 
-6.98817 0.898586 -0.432424 
-5.51096 4.2849 1.98951 
3.80421 -4.2665 2.29384 
-3.41902 -5.20632 2.27217 
3.97206 3.71911 1.57672 
5.73993 -6.10358 4.08244 
0.447907 -5.42189 -7.08999 
-6.64079 -0.499066 6.00543 
2.43561 1.43616 1.78049 
-6.9904 -6.27243 6.41696 
-7.07924 -1.31066 7.70272 
-6.58548 -5.94184 -3.42155 
1.34327 -6.24776 4.8106 
-7.2139 2.49828 -7.93434 
-4.23649 5.18864 -1.63675 
-3.94193 -3.46864 -6.29646 
-3.76944 2.81563 7.37097 
-2.37924 -6.71675 7.46218 
-4.36207 2.42547 -3.04813 
-4.71219 -3.95666 -7.29713 
1.49453 -6.33508 7.12549 
-6.22561 6.70798 -3.32173 
4.72893 1.74571 2.10619 
-5.37337 1.58214 -4.153 
-6.78052 -0.847988 5.64321 
3.96979 6.50767 -1.38049 
-1.31637 7.06443 -0.605991 
1.75135 -3.70153 -0.955567 
-7.46861 6.78926 -0.270893 
-2.67502 3.09571 5.62686 
2.14907 -7.03873 -1.12517 
6.10944 6.35189 -4.4272 
-7.23233 7.95199 -4.22308 
-7.52602 4.90931 5.48811 
-6.64775 7.30751 3.69236 
0.449329 6.37443 6.2086 
2.86772 1.1973 1.09152 
7.49592 1.48871 5.80508 
-6.8679 3.89754 5.71791 
7.75703 4.36913 5.60558 
-1.13376 2.74557 -7.93246 
-3.08127 2.36122 -5.21555 
1.63144 3.07446 0.34685 
-2.59204 5.00217 0.344994 
4.13941 4.62105 -6.35191 
