4.76249 2.36487 4.48735 
7.14144 1.55064 5.79315 
0.362355 6.172 4.05312 
3.35278 -4.13441 -0.604988 
-3.73738 7.34573 3.74972 
6.38178 4.43762 -6.93712 
-7.02894 3.57649 3.92541 
6.90921 6.45165 -6.41152 
-1.09296 0.669696 -0.593184 
6.64309 1.29364 -3.00947 
-5.5831 -3.52845 -1.96756 
5.6733 -7.87523 1.75188 
-6.45337 2.72438 -0.965937 
0.719809 1.00124 7.56248 
-6.11546 -7.45731 4.77657 
-1.77694 1.23608 4.02402 
6.12759 3.39584 3.28063 
5.68084 5.79067 -1.96327 
-2.90449 4.39204 -7.16335 
-3.65687 -6.92573 -1.55158 
-6.89902 -0.319053 -5.51791 
3.19465 -0.548638 7.51016 
-5.95304 -2.58632 -1.69673 
2.34397 -0.279224 5.3075 
2.68266 -2.52024 7.85619 
-2.54832 -0.473846 4.07495 
-2.69226 2.79937 -7.63869 
-4.74454 2.57595 4.23263 
7.2365 -5.23343 4.23109 
-1.49748 5.74719 -5.4454 
-3.44147 7.41994 -4.52121 
6.91442 0.789169 -0.848702 
-7.10285 5.35573 -5.19567 
-4.12947 -3.97793 0.228333 
-0.233106 3.18697 -3.24364 
6.44835 6.91156 4.25934 
-3.90952 4.59405 -6.0474 
5.34085 5.48737 -5.11618 
3.7527 4.61381 4.76043 
-1.1047 7.0865 5.28001 
-4.60244 -0.434806 -5.87165 
5.03616 5.24552 5.20549 
5.41028 -3.6566 -3.36422 
-1.22637 -1.49195 -7.103 
-5.34065 6.26992 2.56834 
-6.43347 2.40969 5.62025 
-7.45227 -1.07744 2.93206 
-3.60334 -0.0831209 2.97289 
-7.94779 -5.45189 -0.262848 
-6.77474 0.817227 -5.70359 
