3.46989 -5.38219 -6.32107 
0.537873 4.59327 -7.46663 
6.62337 4.98003 0.704011 
3.88576 4.19574 -1.02753 
-2.52028 5.68466 6.43713 
6.62259 3.93816 -2.29399 
6.90932 -6.43481 -7.82904 
4.63546 -5.74376 4.53446 
-1.87444 7.37884 1.71423 
-1.85011 6.31152 7.64097 
6.02709 -2.20481 -6.05997 
-3.95103 -5.97457 2.24908 
6.9875 6.91349 6.36304 
5.05385 2.09795 7.90283 
2.53714 6.22185 -6.87679 
6.73098 6.3116 -2.89546 
-6.34713 2.93028 -0.192773 
-7.33793 2.38843 -4.53617 
6.32389 3.37604 5.76691 
7.81294 -2.24614 6.25137 
-7.71105 -3.86407 0.341719 
-0.68289 1.44999 -5.38334 
1.98801 3.94875 1.71072 
1.79795 -5.44774 -2.79742 
-0.51461 0.125802 -4.40731 
2.80282 0.440341 -0.887631 
2.51565 -1.24568 4.88675 
-0.725159 -1.52928 7.13755 
2.13358 -4.79822 -6.60095 
-0.869974 -1.52574 -6.488 
-7.08106 3.62532 1.52543 
7.92608 -4.30197 5.97257 
6.80785 -5.52084 4.79983 
-7.57751 1.28564 4.73737 
6.47196 -1.52035 4.51641 
-0.276915 5.97046 -0.220111 
-6.56593 0.70572 -3.55466 
-5.53329 5.93471 -7.30677 
-3.79413 -4.19132 -6.05043 
-5.64818 6.15175 3.02482 
4.07603 6.69346 -7.26497 
1.69125 0.66183 2.93918 
-1.39144 -5.54301 1.33214 
4.70023 -3.71318 1.13688 
-0.088044 -0.186417 -7.52967 
7.53474 -7.02511 0.780748 
-5.40706 -6.27085 -7.46437 
-0.583115 -6.31184 3.69592 
-3.4642 2.90116 4.99873 
2.81506 -0.90419 -6.39822 
