-6.04384 4.38453 0.453638 
1.09898 2.06556 7.80302 
2.33129 7.89313 -3.14228 
3.8374 1.88862 -3.53299 
4.16615 0.398278 -0.150586 
-1.58813 -0.414143 -0.332741 
5.45337 -7.50607 -2.49885 
-2.31599 0.0200612 3.68082 
-7.04216 6.16711 3.62004 
-7.62909 0.342811 3.54919 
-0.774657 0.745863 7.99407 
-1.27386 5.98604 -4.09313 
4.36602 -5.3167 6.4949 
-0.610055 3.33743 3.04232 
-5.6119 -1.33283 -1.93515 
-4.1126 -2.82089 7.9921 
2.9522 3.16338 6.71794 
5.0104 2.15559 -7.7312 
-1.93424 -1.12393 7.3814 
-6.16015 1.5124 -7.93815 
-7.42821 6.58399 4.71353 
5.83201 0.301138 -4.20353 
-4.28555 -3.3158 -2.37533 
-4.66273 -0.258413 0.470701 
5.62903 -3.99314 -4.30738 
-5.6998 4.13914 2.61296 
1.90173 2.95162 -3.39118 
-7.31954 0.489125 6.31655 
7.23764 -7.72574 -0.393348 
-1.71643 2.08392 -1.16743 
-6.95999 1.62054 5.36543 
0.810347 3.32629 2.83462 
-6.26597 0.707815 4.8802 
-4.48868 -7.13937 6.73362 
-7.76557 -3.21072 2.85955 
5.43085 1.95372 -3.13057 
-4.61916 -6.70326 -5.48882 
-1.64909 5.25809 6.99067 
7.31859 -0.868704 -4.88696 
-5.89759 4.69218 -7.31943 
-1.86139 -7.01563 -5.50635 
7.49006 3.99312 -5.49859 
-0.671326 4.00578 -4.99358 
-4.34199 -2.0175 4.74632 
5.47554 -6.84812 0.0734628 
-4.37784 6.31098 2.61603 
-5.64868 -2.33736 3.67834 
6.78388 -3.71967 -6.12037 
7.91489 -5.52811 4.31578 
-6.43891 4.74561 -0.448214 
