-7.99344 5.87934 -3.78652 
-4.75347 -5.9363 5.85502 
2.19797 4.68793 -3.46458 
-1.48476 -4.04014 0.00953317 
-4.96428 7.6802 1.9737 
1.30079 -6.0019 2.79067 
6.95197 0.0707525 3.80825 
1.8693 -3.77668 5.79118 
-1.80223 -6.35192 2.36293 
-7.01625 5.57834 4.91843 
-3.73709 7.96931 -3.38264 
-0.111325 -7.58323 2.77455 
-4.81612 -5.59179 -1.00134 
-1.22249 -0.656533 -2.26397 
-3.05171 7.51243 -5.93209 
-0.244677 -5.00175 -4.86481 
-0.166141 -7.78236 6.33119 
-6.81216 -3.33776 -2.26281 
0.280267 -7.39854 6.19125 
-0.919569 7.52406 -1.35828 
-2.05739 3.40788 -6.20185 
-6.80274 -4.34635 1.24412 
5.9532 -3.378 3.66871 
6.14199 -2.48153 7.23335 
-2.57159 3.56467 3.58671 
-6.75112 3.68491 -3.06248 
-2.17625 -6.05014 1.654 
6.73955 -7.19548 1.11976 
-1.67352 3.2419 6.21155 
2.91736 -6.16505 -6.41369 
5.5615 7.30766 6.00698 
6.45897 -0.375576 6.57295 
7.03145 -0.428538 2.73791 
-3.88082 -7.53923 -4.76247 
-7.63404 6.96622 -1.99758 
4.7882 -1.05811 1.82574 
-5.6358 -4.04519 -3.22613 
-3.38804 5.45682 0.797929 
7.6329 -7.07361 -6.51324 
5.73054 -3.90781 -0.800723 
2.29431 -2.11072 -3.24739 
3.98192 5.86689 4.88848 
1.52477 5.4924 1.46213 
0.673741 -1.34747 -7.50612 
-2.90729 -1.62244 7.8753 
-5.34439 3.01331 7.49631 
-2.0079 -7.49292 2.04867 
-0.171177 -5.4785 -6.63922 
-6.18435 1.95301 -1.81186 
1.2081 -6.85408 -0.371719 
