-7.65952 -7.36165 -6.3563 
1.06979 -1.66162 -3.24764 
4.67998 -4.55056 4.77344 
-4.99845 -3.68601 -5.30529 
-2.12829 -6.7707 2.12891 
7.70399 -3.68992 -7.2663 
-6.97799 -0.688048 7.60552 
-4.43249 -4.58644 2.43228 
3.33406 -1.50073 5.49186 
5.9202 6.05988 -3.42204 
-6.93585 -3.49234 7.09847 
6.99965 -5.84549 1.10763 
4.4968 2.43647 -1.1174 
-4.05694 -1.70718 3.16143 
7.73238 4.84517 -1.68813 
7.89561 -3.68859 1.60196 
3.22123 0.00871889 1.10464 
1.85622 -5.34653 0.657744 
-7.71831 4.49373 -6.55583 
5.80576 -6.26912 0.0286001 
-7.03839 5.31815 6.15071 
5.63647 1.87123 -1.20494 
-4.85307 -2.87032 1.47661 
-5.81334 4.20259 -0.589532 
-5.68091 7.24441 -0.189451 
2.48846 -0.66696 6.56376 
3.87468 0.0427945 7.33644 
-5.33535 6.46643 -1.59785 
6.62587 -6.11079 -1.61419 
-3.13779 -0.160303 3.64533 
0.906755 -4.71994 -1.09999 
-4.05703 -3.10366 -6.36193 
-1.55707 0.428415 3.28088 
-1.64649 -3.78374 -0.291655 
6.91004 6.28452 2.42067 
5.85265 5.3203 0.321365 
7.52456 -6.67691 -5.73295 
-0.724374 0.327564 -1.513 
-1.25961 3.07428 7.68786 
4.52988 -0.720559 2.60729 
-3.33158 -4.67789 -5.55794 
-6.44004 -0.96835 6.62783 
1.9523 -4.25391 0.755794 
2.42741 -2.34286 -5.17616 
0.0167941 -6.59999 -6.03418 
3.49316 -1.81867 5.13721 
-6.62025 -1.05805 0.785905 
-5.58755 -2.20519 -6.88513 
-1.4883 -5.24288 2.33435 
7.99651 -5.08139 -3.14666 
