-4.06361 -0.67393 -5.83478 
-0.446896 -6.00496 4.90547 
2.43333 -0.651076 3.85094 
-7.13359 0.0135924 -6.4032 
-5.75789 6.40891 6.85366 
-1.306 1.11832 2.74053 
4.86679 -0.730755 6.60248 
1.29479 -4.66672 -4.76005 
-1.33091 0.633016 -4.14061 
-6.91303 -1.52753 4.45507 
-3.2464 -7.98847 -2.41897 
3.01501 -2.80106 3.58965 
7.98858 -5.35677 2.7784 
3.7473 6.19676 3.45889 
2.32174 -4.63272 7.72749 
-0.970081 -2.02309 -5.01272 
-3.53069 -1.03243 3.75218 
-3.07126 -2.38914 2.50964 
-6.69415 -3.44677 1.21591 
-3.54072 6.8951 6.79937 
-2.67785 -6.90434 4.26676 
5.64611 5.06079 -6.14796 
-2.52755 0.228056 -2.28614 
4.8479 -3.88718 -2.49064 
1.59365 -2.61792 -2.30864 
-3.06486 0.693665 -6.95776 
7.10087 -3.43709 -6.36891 
0.423453 -4.77038 2.69179 
-1.56234 -0.0244958 -1.48822 
3.79104 6.02759 2.50179 
-0.571574 -3.22097 -0.662259 
-3.16786 4.58193 -2.20957 
-2.84219 -2.80905 -2.82169 
-1.45479 3.90191 -0.353724 
0.0831601 1.07344 6.91197 
-6.05019 6.79063 -6.81226 
6.37868 2.05023 0.516115 
3.19617 -2.88651 -2.1698 
-0.98002 -2.5249 -4.17321 
-0.477085 7.3009 2.22797 
-3.95876 4.06168 -7.29875 
-2.37353 -3.67362 -0.0783693 
-2.33258 2.32892 -7.38852 
-6.17399 5.70302 -0.0142563 
-2.09714 3.68158 5.66977 
-5.14725 2.60765 1.79425 
7.79234 -2.45508 -6.33402 
5.25135 -0.893398 5.61018 
-0.378833 7.77173 -0.369271 
-6.50629 7.62647 -4.47589 
