-7.81428 6.59221 3.96638 
4.54252 -1.98711 2.42248 
-4.87682 -6.95498 -4.14266 
4.6623 -0.926287 4.28657 
-5.87605 -2.91337 -0.0815998 
1.855 -5.87786 -3.30336 
5.71903 6.5585 0.499129 
1.13256 3.59547 6.49628 
-4.92045 -7.47094 -0.0217265 
-1.10616 -4.56033 -6.28205 
7.53838 -0.753718 -5.85607 
6.38057 6.55577 -1.3765 
-3.89874 7.16874 -7.77528 
4.24202 5.29561 4.17849 
-7.55721 -5.33536 5.76317 
-0.325158 5.1 6.58847 
-2.55988 -4.81711 6.97183 
-6.01198 4.2052 -4.72737 
-2.94851 -3.85316 6.07082 
2.53684 0.947547 1.38941 
-0.140957 -4.14257 5.73731 
6.31684 -3.53812 6.13488 
6.34026 2.21066 3.4939 
1.32776 -7.73093 7.87561 
7.99559 -7.91875 -2.46272 
6.43694 -1.32622 -6.40474 
1.23015 -3.21852 6.37007 
-4.66213 -5.81358 -6.00291 
3.62782 4.24946 6.50056 
2.44343 -3.553 -5.82243 
-4.66139 3.84028 0.380071 
-1.55421 -2.47649 1.09483 
-1.75988 -2.50547 1.04408 
5.89693 1.26949 3.10311 
-2.38967 6.90196 1.88867 
7.95578 -7.59301 -6.61861 
2.19289 -2.78092 7.86053 
1.42956 6.83025 7.61824 
-6.35252 -5.46314 3.47551 
-2.65734 -6.323 4.70827 
7.12903 -0.76887 -4.9867 
-4.12317 -5.91244 -5.74005 
-5.90962 3.39844 -7.1976 
-7.50554 3.00317 -1.36342 
-0.64823 -0.739347 -1.57008 
4.37214 -3.59213 2.68652 
5.07731 7.63707 -2.0366 
-1.94599 1.46687 -1.11909 
-3.34709 -6.15 -0.0395915 
-0.301265 -6.45314 5.93077 
