-5.66037 -6.05304 -0.385596 
-6.02686 -4.86308 3.67491 
1.5317 6.90193 -2.05433 
-3.4518 1.79891 6.43189 
-6.00752 2.09253 3.65332 
-4.32365 -2.38462 -5.86044 
4.72925 6.22867 -5.31609 
-0.586298 3.67081 0.459677 
-5.92727 1.70043 3.64301 
-1.83751 -1.36339 -7.45776 
-7.79372 5.07925 3.89769 
6.29221 -5.08019 6.64842 
1.52924 -2.4767 -5.27984 
5.27747 6.8621 6.27862 
3.83058 -2.17353 0.330915 
-6.08169 -2.03157 6.35341 
2.05799 3.67522 -0.12935 
7.46755 -0.902398 6.4503 
7.57359 -3.36003 -6.08803 
3.38862 -1.89949 -3.82311 
0.913645 7.69012 7.30312 
-2.05746 -4.5306 5.41686 
-6.41662 -5.02337 0.508756 
-3.92348 2.78274 -3.42353 
0.955154 0.477354 -1.90385 
-5.66856 -6.38421 3.05591 
6.70482 -0.929641 -1.36783 
-4.49482 7.36727 -6.1455 
7.67771 4.79755 -2.20489 
6.34238 7.84368 5.94942 
7.49047 1.71178 0.728289 
-4.9742 -3.92096 -6.207 
5.02034 -3.12904 -5.32971 
6.16593 0.133608 -2.3508 
-2.42151 1.8161 -5.05025 
1.02122 6.64077 -2.82221 
0.494146 3.59733 3.18469 
1.26294 -3.39256 -3.72749 
-2.21349 5.79928 -4.90299 
0.574065 -2.88342 1.73149 
2.14906 -7.38105 -2.50264 
3.94018 -4.92057 -2.04256 
6.7307 7.49005 -7.65155 
-5.25808 -2.45435 1.85686 
3.5702 -4.0179 0.860268 
2.05875 4.06068 6.23191 
2.24095 -4.73768 -0.620874 
-6.38009 -2.15753 3.26115 
-1.94875 -1.57713 -0.982249 
-4.29814 -5.05065 -5.37644 
