-1.64063 -5.44482 5.39163 
6.17535 0.862265 -1.51005 
2.45717 0.526789 -6.99112 
5.33833 4.55754 7.11024 
-3.16158 -7.85539 -2.32978 
4.15524 -0.294025 -3.09797 
7.91324 -2.50491 -4.605 
1.94705 -4.63489 1.1619 
-2.10557 3.55285 0.549003 
-2.67831 7.81666 -4.14745 
-1.88876 1.11295 6.07635 
0.452823 -7.04122 -7.27889 
6.55949 1.28455 -4.35295 
-6.13438 -0.104095 -7.70433 
7.35364 7.5068 -7.0342 
4.50275 -4.50406 -0.452333 
-5.65191 4.67601 -1.90053 
-3.71023 -1.1958 2.29108 
5.90931 -1.22642 -3.76537 
3.46337 -7.33108 -3.5868 
7.51578 -7.4515 -7.47808 
-1.88555 5.42514 2.46749 
-4.2804 2.47812 -3.46475 
-0.0276368 3.28089 -5.70568 
-7.53463 4.47729 -5.02846 
-6.26948 -5.93868 5.43614 
-6.49278 -3.17512 -0.0536917 
-6.00047 5.44153 -1.40942 
5.80115 5.92629 4.44413 
-7.34229 -7.16355 0.682854 
7.50888 -0.56928 -2.64164 
-2.25382 -0.330563 -6.1735 
0.513626 0.170321 2.73034 
-6.54031 -5.43769 -0.571456 
-7.54869 -6.46575 7.58035 
-4.37156 2.69678 3.10004 
-4.29205 -1.56274 -7.36979 
-4.64276 -1.00384 -0.283022 
5.15846 -7.08162 -3.81468 
-5.85039 -4.70789 4.21925 
2.91633 4.21505 -6.36756 
-3.92806 2.40895 -6.06295 
-5.45732 -5.54957 -6.09511 
-0.273731 -1.54617 5.24044 
-4.60903 -2.30781 -2.53694 
-0.357828 1.91236 6.89401 
-5.36691 -1.42863 -4.83046 
7.64316 3.84794 -1.29459 
4.6312 -3.42562 -0.903826 
-4.55654 -5.27102 -0.455928 
