5.61237 -5.43939 -3.95278 
0.123228 0.743464 1.24049 
-3.28178 4.91911 -2.63617 
4.27154 4.25683 6.81563 
5.88536 2.09937 5.71439 
3.26816 -1.14037 -5.6653 
-4.03296 3.45148 -7.93542 
-3.09735 -4.26846 -0.832082 
-6.26951 1.23194 -4.64476 
-1.38256 -0.61087 -0.4659 
-4.4639 6.12985 -2.89923 
4.026 4.02092 -4.36945 
7.26087 0.356505 3.17696 
-0.0289357 7.19775 5.71348 
2.38865 -4.76206 4.39112 
5.30311 -6.62937 5.84325 
-1.96744 -3.52676 -7.51173 
4.12492 6.13081 -0.569313 
-7.49552 -3.18034 -2.38888 
-2.51125 1.6614 1.52709 
0.55745 -1.2213 -1.79203 
-3.09352 -0.39479 -0.406092 
7.10855 -7.00862 -0.881499 
-5.13141 0.199132 -6.8357 
3.85799 6.53656 3.55189 
4.38601 6.86536 -2.67696 
0.485646 1.83411 2.33423 
-4.47427 -5.74303 7.63543 
1.89086 -4.96393 6.19148 
-1.42326 -6.73947 -2.70054 
-2.31354 6.8543 7.07074 
7.95025 -3.53415 -3.81101 
5.61881 2.52361 4.68255 
6.8826 5.36365 6.37812 
-7.25351 -3.3648 6.15477 
5.82784 -4.28353 -1.26659 
2.04387 7.76823 2.14046 
-6.12839 2.89534 6.32604 
-1.73835 5.32362 7.49409 
7.68418 6.21124 4.12896 
0.407069 -6.67556 5.21181 
-1.69629 -6.03152 0.284814 
7.40314 2.5181 -5.57704 
4.61164 -6.49568 -5.45289 
-6.52179 -5.14702 -2.34849 
4.4766 -3.94506 -5.95742 
4.36625 5.62759 6.51011 
2.9823 -4.39953 -1.29163 
-1.64037 6.12161 6.96027 
-1.17414 -5.96418 -4.09196 
