-5.72136 -4.23175 -5.56058 
2.1252 2.56381 -4.94729 
7.67269 4.25864 -6.92869 
-4.71488 1.45381 0.652847 
3.61668 1.30715 1.25858 
-4.78161 -1.70607 7.47872 
2.09371 -6.29172 3.62805 
-6.63839 4.15675 2.42321 
7.07832 -0.137302 3.25301 
-5.0891 5.31022 -2.19211 
-4.28464 -7.34198 -2.71183 
-1.50343 -7.49669 7.31551 
3.1658 0.221394 -4.54932 
-7.8986 4.59218 3.98182 
3.05298 -4.01893 0.417438 
-2.45109 -7.40752 -7.44214 
7.74247 -1.97098 1.70475 
-1.1369 -5.52129 -0.188872 
5.6339 5.92955 -6.94465 
-2.05519 1.98822 0.422555 
3.91446 1.16173 1.34482 
-6.05562 -5.33876 3.71573 
1.66484 -4.04637 -0.871956 
5.25323 0.951637 -2.23204 
3.40148 -0.0411253 -5.23611 
-4.63214 -4.52246 -4.97665 
0.51565 -4.05056 4.6162 
-7.31051 -7.3905 -0.970261 
-0.578307 -1.93724 -4.33397 
-5.15832 -6.27269 6.93605 
5.20561 -7.88388 -4.30702 
2.50143 -6.42865 5.62655 
-0.130404 -2.57597 -2.02549 
1.34743 -5.87412 4.22421 
6.96466 5.49272 5.68497 
-1.88122 6.30987 2.32035 
-5.68124 5.42108 0.156746 
0.0972118 1.08192 -6.42555 
3.84402 -1.66473 -5.37717 
-6.21919 1.51859 6.41829 
7.18335 0.357257 6.17583 
0.097689 0.0058552 2.2325 
2.44686 4.9559 -3.59066 
0.321428 -1.00224 3.71345 
2.76857 -1.95738 -4.38001 
7.31741 4.22032 -3.5521 
0.988465 4.442 1.94633 
-5.19342 -4.12155 -5.03377 
-7.42462 1.56917 -6.8063 
-7.856 -7.47451 -5.55803 
