2.84778 -0.959715 -2.79755 
2.88941 6.30362 -1.7687 
-5.5603 -2.29163 3.38053 
5.75902 3.46147 -6.54435 
-1.4042 1.29472 -3.13583 
-0.291258 1.69791 6.49382 
2.69841 -4.98175 -7.86265 
-0.843727 -0.197358 6.88402 
-0.45456 3.13973 3.99826 
3.36792 -3.85007 7.31471 
2.85844 5.60931 4.95887 
-4.67471 0.909399 -1.60648 
3.14176 7.47741 -4.09749 
3.12172 -7.76284 -1.71907 
6.52699 -6.28411 -7.20633 
7.70281 7.45649 -0.241337 
-4.47552 6.20924 7.55467 
6.84718 -1.29388 -3.55001 
-1.94402 -6.02469 6.748 
6.90675 -2.98712 -3.69684 
4.44836 -1.89828 0.836661 
-6.88127 2.73386 -5.7387 
-6.88078 -6.94155 -1.48786 
2.3585 4.65394 -4.33327 
2.6693 -1.76719 5.12849 
-7.93768 -1.34823 3.39454 
-0.173018 5.60947 6.39343 
-3.22323 -1.09746 3.73434 
-4.84604 -1.1005 -6.71443 
3.63377 2.87223 2.55369 
-3.49669 4.52798 -6.00635 
3.079 0.327323 7.27123 
-7.17812 1.2206 -1.47261 
-2.71776 -1.62685 -7.91321 
-1.09827 5.2157 -2.63805 
-5.15393 -0.0459902 5.88248 
4.4078 -5.30774 -5.17208 
2.02839 -1.86397 7.16142 
-6.60726 -5.1059 -5.22565 
-3.33177 -3.9356 5.50463 
-6.98123 -1.42939 6.30361 
1.79729 2.35814 -5.25922 
4.05718 -6.04331 -6.73406 
-0.411928 -1.79917 -4.31852 
3.54957 3.92644 -4.64266 
-1.38429 6.44813 6.212 
5.96938 0.675334 -4.78737 
-4.15453 0.949178 2.40302 
-3.24412 -6.83733 3.83435 
3.32841 5.78328 -7.11717 
