-7.44259 1.18596 -4.50103 
2.14815 -3.88343 -5.94251 
0.552029 1.5601 -2.21327 
1.04484 -4.33215 -3.24276 
-4.6517 -2.51849 -6.24049 
4.22058 -3.59987 5.27183 
-0.343568 1.12375 0.269561 
-3.73086 -4.86233 -4.52022 
-2.72063 2.48012 6.22948 
2.83092 -2.70451 -5.68149 
-1.59784 1.98112 6.00102 
-4.52579 5.67926 1.52139 
-0.573622 7.66954 -4.64934 
-2.56745 7.52272 6.47213 
6.2429 -7.96683 -4.7507 
5.12026 0.160392 5.71336 
4.35832 -5.84863 -0.443418 
-3.57753 -6.91913 -5.86446 
4.81822 6.90321 2.56015 
6.69547 -7.44704 -4.78456 
1.09807 7.21396 -2.86924 
1.39069 -3.9167 5.71622 
-4.91348 -2.53203 1.1787 
6.89571 7.92833 -2.38127 
-6.89754 -2.92063 -2.45582 
7.49145 0.206543 7.51274 
-4.40437 7.72229 -5.12879 
-1.47103 7.35252 -4.77324 
3.72764 -0.472172 -4.56626 
-7.74348 6.09224 -7.44754 
5.76363 -0.290674 -0.412027 
-0.86378 -0.183142 -0.718444 
-6.91586 6.56197 0.565248 
0.178181 -6.39483 -2.37898 
4.38878 -1.23887 3.56163 
1.61802 -7.42837 -6.77172 
-1.9234 -2.75258 5.58606 
1.78211 4.07965 3.31535 
-1.28095 -7.21571 2.52167 
5.33587 -1.74534 -1.4681 
-5.88343 -7.7635 -4.08222 
-5.82309 -5.15784 -1.41728 
-4.41562 -2.31118 6.56741 
4.98362 -3.1051 -6.71586 
1.83961 -6.47253 -1.87869 
-2.39927 5.54646 -7.46261 
-3.25516 4.70167 -5.3411 
-5.83011 -5.36252 2.13204 
6.04903 -3.48635 -7.14335 
-7.97503 -3.63373 4.50262 
