-7.45858 -5.54453 -7.14118 
-6.9448 6.99732 -3.03094 
-4.26704 2.51416 4.19552 
4.62031 -4.6413 -7.69594 
-4.81715 -5.54668 0.839216 
-2.31508 6.5461 6.23501 
-6.29053 -1.95771 -6.40497 
0.178915 -0.610813 3.43197 
3.86485 4.09734 7.81107 
-6.43155 4.48265 4.5003 
-1.67503 7.48325 -2.15382 
2.64142 2.06696 -0.277621 
-1.35015 -5.2686 -4.18243 
2.30765 5.5934 1.01231 
-6.72578 -6.03326 -2.48767 
6.45862 3.88581 1.38332 
7.28303 -1.39009 6.27075 
-5.8048 3.65037 -6.73323 
4.9265 -3.18665 -3.00739 
-3.93623 4.16431 -6.53057 
5.49059 -1.09808 -4.58087 
-1.16864 7.43481 0.786982 
5.38438 4.65949 -5.34288 
-5.58289 -3.32226 4.88488 
-2.91852 -2.23207 1.54244 
2.38561 -7.64273 -2.29282 
6.2206 -3.37961 -1.30352 
-5.51613 5.30319 2.96905 
4.04504 0.0321455 0.375885 
6.603 -0.40317 -4.25398 
2.3969 -6.47391 -6.9548 
-5.29198 -4.60249 5.50413 
-2.85651 -0.65281 -3.96348 
1.62008 2.8682 -6.67646 
6.42197 5.33035 5.68546 
-6.34416 -0.975105 2.36306 
5.15074 3.50335 -3.96233 
0.631178 7.43884 0.186707 
-2.27209 -5.71056 -7.33157 
-4.8879 2.68964 5.3691 
0.475641 -2.16826 -4.06433 
-2.0857 -0.147632 -0.567815 
-1.8275 -4.88181 3.19492 
-3.15967 4.95022 6.77641 
-6.60024 5.42769 -7.96439 
-5.94568 -3.8309 4.85543 
6.3317 0.468194 6.14653 
6.3739 5.51706 0.0499646 
-6.70138 -1.72586 -2.39235 
-1.47933 -5.85856 4.51356 
