1.57948 2.46544 0.853762 
7.11004 4.17171 -6.90887 
-1.07653 -6.76797 2.68861 
7.02118 -2.27315 -4.12893 
3.42272 2.1801 -0.133208 
-5.91081 -5.44149 0.803344 
-3.84961 -6.57691 2.93721 
7.45885 -4.11566 -0.303582 
-3.32119 -1.23378 -7.02175 
-4.80222 -5.55563 7.23051 
3.74589 3.78054 6.28502 
7.49171 -4.64905 1.32361 
2.11909 4.10478 -3.20659 
2.61241 -7.88401 7.68739 
-3.64542 -2.88908 4.1914 
1.73046 6.5253 4.35797 
3.99624 -4.19867 5.53656 
2.31173 -2.75365 4.79015 
-1.02378 7.0443 -7.97566 
-2.35183 -0.548014 -0.275765 
-1.68593 -3.34009 2.77882 
2.62658 2.07829 1.35611 
4.56431 3.16574 -5.44271 
5.147 -2.63756 7.92679 
-6.37203 2.04153 1.16819 
-0.696579 -5.11014 -5.3873 
-0.305041 2.61052 -1.96749 
-2.37758 -6.82919 0.120063 
-2.47423 -7.33011 -7.23686 
-5.7399 0.617517 6.08016 
3.29593 1.64779 -3.19762 
6.33695 -0.511439 4.73419 
-5.7375 -6.27018 6.20591 
-5.63337 4.44946 4.67133 
2.35661 2.11549 -1.16608 
4.53397 -3.6964 -3.06637 
2.30833 6.1478 7.66236 
-7.62314 -1.77437 4.54807 
1.01182 0.514825 1.17343 
-4.28702 -6.14112 0.758111 
3.50778 -7.8864 5.61507 
-0.986884 7.45364 3.47833 
7.72677 3.84008 1.55406 
-7.92487 4.3349 1.7799 
7.91654 -2.96715 -0.328647 
-6.61997 5.34133 -5.2567 
1.09776 5.26826 -2.19883 
0.586424 3.40908 -3.57605 
-7.46974 4.88586 -1.37781 
-5.07044 -6.49713 2.69157 
