0.0343637 -5.35383 5.56541 
3.28731 2.46542 -2.23471 
7.09261 1.2443 -6.62484 
7.28753 0.730363 -4.34248 
-4.88025 -6.80294 -6.08599 
2.53174 -0.0499243 -3.31233 
-6.32786 -1.20345 -5.81986 
1.78121 6.57521 -2.42071 
7.88193 0.545324 7.11774 
-5.57016 4.4555 7.25896 
-6.14954 1.28897 4.14251 
-7.03781 -3.30859 3.42874 
2.49756 4.44949 -3.18593 
-7.64725 1.42744 4.6284 
-6.28422 -5.9369 -2.27732 
1.17912 3.34169 3.04351 
-5.39185 3.70733 -0.68146 
-6.24802 -0.469669 0.138978 
4.08383 1.09756 -0.807566 
1.88402 7.63767 -3.57158 
-6.68283 -3.74694 -6.69577 
2.68989 7.78033 6.36378 
7.03139 0.197672 -7.58707 
-3.08514 0.414896 -6.37252 
-7.37198 2.62651 -7.77666 
-4.49806 7.02055 3.63042 
7.41529 -1.56765 1.12947 
-7.95547 -5.31389 -0.394466 
3.05929 7.87113 6.50899 
-6.49891 -2.27326 4.04869 
-5.45404 -0.359077 -2.27321 
-2.87726 -2.46907 -7.2665 
1.44502 -3.23097 2.2696 
-3.67858 3.88751 3.06422 
-3.20105 -6.98606 -3.45066 
-5.71085 1.83562 4.64955 
2.29391 -2.05377 5.47415 
-3.2062 -7.13079 1.2221 
-7.40397 -7.71968 -6.55211 
-6.54267 4.68332 -3.01031 
-3.60094 1.90788 -5.94402 
-3.93765 0.301041 -5.65729 
-7.79299 -0.0490711 -2.19003 
-1.96129 -4.77154 1.76191 
-3.41655 -2.24635 -5.04481 
-6.38691 -7.63055 -6.81237 
-6.94113 3.98048 -5.59052 
-1.15324 4.46972 -3.36476 
2.6605 -4.593 -1.81636 
-6.4764 3.23936 0.823013 
