7.02446 -2.60576 -0.497126 
-4.71059 1.36608 -5.31448 
6.03345 4.1974 -3.42143 
-6.60715 3.27088 -4.98084 
1.3542 3.17958 4.67992 
-6.5117 -3.50922 3.03063 
-2.65097 6.63925 -6.67101 
6.97141 -5.56909 6.25713 
-1.91862 -5.21982 -3.88482 
0.893305 -0.659532 4.03996 
-3.11736 -4.74576 -1.4907 
-7.38284 7.95852 1.85481 
0.0750573 3.75784 -1.15221 
3.19364 -4.08887 2.22067 
2.28788 -6.93674 3.95987 
-4.3647 -2.21432 -2.89834 
7.31521 -6.69504 -1.98213 
-4.05109 -0.574313 -6.23495 
-0.539114 5.87198 -6.50921 
-5.99057 0.752619 4.21828 
-5.01315 -4.80587 -0.824604 
-0.0884108 -2.8755 7.27915 
-1.04963 -6.24859 -0.291045 
-5.26372 5.17679 -6.96089 
-2.46994 4.93508 6.44222 
2.57102 -2.7217 1.8283 
3.58798 -6.19199 -5.04296 
-1.08071 -7.40088 1.28667 
-0.4361 -1.3196 6.80245 
1.03139 -0.0556905 7.73642 
4.10637 -2.05602 2.64379 
-7.88717 -3.40577 7.21075 
-4.69046 -4.54013 0.515432 
4.9426 3.82608 4.86775 
3.98693 -4.40564 5.87124 
3.28128 -6.46495 -7.71215 
-7.5186 -5.18622 2.59348 
4.99887 4.58701 -3.02455 
-2.72574 0.950491 -2.9723 
-7.50952 1.66572 -5.86463 
6.81399 -7.57865 -6.43325 
-6.28622 2.29058 -6.2164 
-1.86684 3.18152 -0.418545 
-5.69254 -5.11483 2.25742 
0.220621 2.7781 1.80365 
5.46669 -7.86592 -3.21081 
-0.906198 6.11848 -4.22582 
7.186 0.853429 -1.8556 
1.58168 6.90442 -7.03244 
-5.33792 6.25782 1.46191 
