-0.393925 -7.30181 -6.31221 
-4.93539 0.164576 -0.126876 
1.30757 -6.97186 -4.23306 
6.00174 -2.02876 -3.09867 
-4.84709 -3.62579 -7.25814 
-7.52801 0.888771 -7.47303 
5.29655 7.67746 1.53432 
-1.67575 5.19737 -5.14736 
7.60921 -3.71552 1.19427 
1.32287 -0.775773 5.43425 
-3.84123 -7.04087 -6.18159 
-6.09249 -2.8507 3.26847 
4.72287 -2.4809 5.16574 
1.93279 2.58228 -7.27165 
4.3122 7.59037 3.79783 
-5.53968 1.32005 1.82903 
2.80116 7.74567 6.05695 
-7.42557 -0.69407 5.69909 
-4.96147 5.0581 2.95504 
-0.528317 -2.33303 -6.83627 
-6.38001 6.36414 3.86218 
1.46713 -0.808059 -7.30693 
1.13725 6.25936 7.63028 
1.43977 -4.35389 -4.4953 
-6.20736 0.469699 -6.80586 
5.37065 3.56287 -4.11629 
-3.1596 -7.73202 -1.93842 
6.3255 3.50499 -0.530414 
6.54453 4.05663 3.59813 
-6.42817 -7.4008 1.44242 
-2.49904 0.707386 0.613852 
-1.29203 -1.31946 -7.8607 
5.19573 -5.84487 3.42083 
5.7886 -1.98518 -2.64921 
4.71326 3.91997 -6.04887 
-4.11728 2.3991 -1.18917 
-2.3407 -1.44347 7.17631 
-1.54607 -2.19023 1.7782 
-2.70502 -4.84152 -5.62215 
5.2239 3.60092 -6.22176 
1.68954 1.61716 -7.42904 
-5.68386 -6.14941 -2.53599 
-2.53441 -2.52141 7.786 
-0.992807 1.25068 -0.186295 
2.71469 4.33194 -6.38918 
3.62378 -1.06326 7.67989 
-2.54984 -1.77 -2.76464 
4.47339 1.04602 1.44218 
-5.11259 -7.15962 1.65909 
-3.87107 1.55863 -6.88854 
