5.38295 -7.71604 6.79369 
5.85902 7.3358 -6.7868 
-6.79458 6.24924 -3.88386 
7.53134 -6.76608 -4.28576 
6.2696 2.24258 7.21663 
-1.84642 -6.14965 -4.01509 
6.20165 6.37461 -3.29627 
-3.44953 -1.74144 -0.905624 
0.831509 2.03771 4.09867 
-1.12884 1.77391 -2.72905 
1.77024 3.64841 1.20034 
5.97966 6.28955 -7.30607 
7.9438 -6.93338 2.02956 
-0.896141 3.32876 -5.20909 
5.35893 -2.25861 0.883869 
-7.83178 5.74026 -5.51106 
5.01683 2.56798 1.60032 
-1.11635 -6.65147 -3.87844 
3.2756 0.607292 3.68539 
-7.76841 4.07348 3.81283 
2.25968 2.5722 -3.24994 
6.59534 0.538266 0.932009 
-5.71344 0.82953 6.84866 
0.966167 6.31523 -3.66439 
3.99434 7.73967 -4.23687 
-4.15382 5.89691 4.89135 
4.67753 -2.99766 -2.26368 
7.3283 -1.18911 4.11068 
6.48506 3.34704 -6.65344 
-2.54753 -7.99158 -2.66181 
5.3158 5.09596 6.53923 
5.62035 4.79111 7.74606 
4.98559 1.30846 -4.61164 
0.808886 -1.46825 -1.57409 
5.61756 0.466771 3.23127 
2.54206 7.26674 -4.63171 
-5.52887 -5.34074 0.566685 
-0.135862 3.75217 3.11176 
-5.17757 3.02435 -3.46085 
6.98391 5.9409 -4.47832 
-3.61188 -7.15682 -6.38103 
-1.13094 2.10936 7.0797 
-4.7672 3.20309 -7.06155 
0.0980077 0.639363 1.27394 
3.03924 -3.39318 -1.00221 
-4.81686 3.21265 4.30513 
-7.32554 4.85288 4.6824 
-4.74389 -6.26501 -1.85905 
7.79078 6.64243 6.68174 
-3.24462 3.82996 7.48302 
