-0.55588 6.14998 -6.86483 
-4.25656 -2.97854 1.26051 
2.39694 -4.60197 4.41832 
3.42729 3.12966 4.78027 
-2.03605 6.19267 7.96409 
-7.06114 3.38675 7.19277 
-1.69424 -1.35211 4.00931 
-6.18847 -2.29556 -4.57338 
-3.2937 1.77804 -2.08231 
-5.55096 1.66876 1.93271 
-2.4756 -5.52314 -6.37127 
0.90535 -3.51046 2.27699 
-4.16764 -2.81099 5.84892 
2.67743 -6.94358 6.54546 
2.99788 -6.56407 6.44186 
5.91603 -3.3245 0.172565 
-5.38665 -5.22091 2.86876 
4.22981 -4.82595 0.636567 
-5.84074 -3.55131 -2.7697 
6.63756 5.47135 7.08248 
-2.37851 -4.48793 2.18712 
2.12164 3.70503 -6.58437 
2.21781 2.91802 5.1639 
6.30308 -3.02384 -5.75681 
-2.74456 -6.47871 1.3952 
-2.89657 -3.95002 -3.71306 
-7.52911 3.82603 2.53063 
-7.97273 -1.48646 1.10148 
1.23107 3.42133 1.40368 
5.4386 5.88787 2.1702 
3.37043 0.737357 5.24816 
-1.35519 -6.92791 -0.984679 
-3.08328 -7.46711 -0.939635 
-2.55706 3.43411 0.539667 
5.24767 -2.7978 -0.189597 
-7.14231 -7.93716 -5.07336 
-0.140771 -1.2976 -3.25184 
-2.9062 -5.70321 0.273218 
-2.77241 -2.0495 -0.217763 
-0.436009 2.23298 0.636267 
-0.650927 2.26496 -7.50632 
-3.58783 0.303092 -7.29242 
-2.90316 2.56314 -3.01754 
-4.51874 3.10516 0.523004 
-0.834091 6.61527 6.58153 
-2.02318 -5.17684 -5.9295 
7.03513 1.51693 -3.4131 
3.31151 0.403499 4.39906 
0.306551 6.29951 -2.35419 
-6.16203 1.76745 -6.14327 
