4.06915 5.3935 1.12361 
5.5475 6.16631 5.20185 
-3.20602 2.07388 0.553872 
-2.76727 -0.639826 6.93533 
-2.61737 -4.37961 4.81906 
-2.80873 0.390952 -3.296 
-7.22158 3.36437 0.912671 
2.16376 -7.63335 4.31469 
-4.38121 -2.50141 3.50349 
4.53214 -2.33258 4.13701 
7.04203 -3.8872 3.68001 
-2.41058 -2.43949 3.08594 
-6.00533 -0.932875 4.03088 
4.40767 2.73071 -1.56469 
-5.38563 7.60876 -3.99742 
-4.05036 0.491408 -3.36048 
-3.43169 7.31169 -3.45064 
-1.50814 -2.65652 -0.462351 
6.22862 -5.66406 -7.53069 
2.90229 -2.5129 1.57932 
6.18058 -4.03402 -0.317862 
-7.9246 3.06271 -7.75502 
1.13946 6.93364 -4.69624 
-6.22472 4.36663 4.60704 
-6.26559 -3.44203 -4.60755 
1.8475 -6.22333 6.17602 
3.75554 5.05144 -6.01137 
4.30864 4.04165 4.86512 
7.48632 -3.3256 -1.88073 
-2.49395 2.20409 5.6254 
6.30208 1.11119 1.53108 
1.51882 -6.7973 -2.42954 
0.484801 -5.17414 -0.632006 
-2.80893 7.28425 4.1798 
-4.46109 6.57645 4.79796 
1.47433 -1.06388 -0.831063 
-4.83032 7.03061 -6.69306 
4.132 2.81317 -2.98927 
-7.00183 2.04074 0.822547 
-7.61917 5.50434 7.03692 
-2.33789 6.69522 1.9588 
2.68289 -2.57222 0.424785 
6.75661 2.78215 0.72616 
-6.59554 6.63555 -3.54338 
-6.60479 -2.23431 -7.31225 
7.57371 0.419063 -7.25921 
-4.63775 -1.34687 -6.27194 
2.54318 -6.15063 0.0837725 
-2.68879 3.49123 1.75469 
2.46866 0.440328 -3.1932 
