-3.47691 7.19754 -5.84823 
6.77208 -7.71362 -0.789212 
6.31813 -5.28581 1.73425 
5.37137 1.07059 5.24624 
-0.770961 4.29638 -0.367023 
1.56005 3.67574 5.6528 
4.24657 -4.61097 -2.88633 
1.96318 -4.0161 -7.89721 
4.96589 -0.630857 4.21544 
-4.07352 0.328239 5.65151 
-1.90997 3.03562 6.26353 
-7.67455 -2.15694 -3.42892 
7.46568 5.04895 -0.960518 
-3.76946 -6.08806 0.434191 
5.7672 0.0674574 -3.70615 
-1.40123 -1.93667 -1.18982 
-5.62261 -1.90871 0.384572 
4.84423 -3.31171 -4.06982 
-1.70836 6.79745 7.86147 
4.04695 -4.10391 6.98663 
-5.87284 0.100243 7.88495 
5.00775 2.35393 -7.08868 
-0.669098 2.11721 -0.406046 
3.16083 2.51135 -3.63877 
-5.31204 -7.07457 -0.366649 
-6.00545 -4.07401 -0.333645 
-0.635486 2.45082 4.58762 
-2.37655 -1.04295 -4.59463 
0.467259 -2.84287 -0.367326 
1.90351 -6.33523 2.35193 
6.11917 3.10338 -5.58339 
-4.25983 -1.07745 7.96343 
7.61989 0.128222 2.76816 
-4.16069 -0.743385 -6.92794 
0.589926 -5.51353 -0.64179 
-6.70811 -3.14186 4.18809 
7.43427 -1.57502 -1.62871 
1.40179 -2.556 -4.54617 
-7.80371 -0.452043 -0.639038 
4.8744 -6.69896 -6.51293 
-4.00333 2.96882 2.74412 
2.21677 6.46648 -7.08481 
1.01369 -4.26357 -5.97757 
-1.83948 -4.83714 -2.0638 
6.50048 2.05659 -3.70453 
2.42638 -2.31843 5.88131 
-7.15252 -0.368844 -6.1451 
-7.39404 1.3062 -7.07387 
-3.03172 -2.23558 2.213 
5.13637 -6.53769 -0.24507 
