-4.47625 -7.22201 0.269171 
-1.70902 -1.83271 0.452455 
-6.13062 4.27499 3.0088 
-7.23424 7.49092 3.9941 
-3.95309 2.34063 5.15184 
-2.93559 2.25013 -0.613836 
0.29871 -1.8381 -2.32064 
-5.41077 -0.951987 -2.55983 
-4.16049 -1.08593 6.60541 
1.47328 -1.09679 6.82669 
4.82551 -4.61435 3.03152 
-3.98112 -6.57291 -3.18945 
4.52251 0.764856 6.68654 
-5.59781 4.85569 -7.94577 
-3.12305 5.09625 -0.584316 
-3.13 -2.5609 3.61099 
7.68248 1.02159 6.69517 
3.46566 -5.16179 1.44518 
-0.163556 5.43978 -7.91349 
-5.52821 0.232451 -7.94662 
3.88228 -3.65118 4.07464 
0.606245 5.51729 -5.27502 
1.47844 -7.48181 3.42638 
-1.79692 0.6928 -3.09101 
2.32669 -1.88951 -4.14429 
4.06165 -5.05236 -7.01159 
5.22051 1.26012 -4.80636 
-5.20151 5.43578 1.58095 
4.02189 -6.7164 1.528 
-7.14983 -3.14727 4.76351 
-5.94969 -7.35479 -3.17216 
4.92905 -3.24771 -4.55846 
6.66382 -7.02492 -0.51738 
5.5046 -3.62608 -1.73383 
-6.65207 6.3924 1.1279 
3.19797 -1.14777 -2.20072 
3.65218 7.49926 -4.81709 
-1.71666 2.88924 -7.52884 
-6.48821 -0.100001 -5.78803 
-7.44944 -3.80941 4.46595 
0.904498 -2.72353 -3.95891 
-0.366591 -2.03524 1.23002 
-5.53525 6.13353 -1.85881 
-5.53221 0.204916 -1.31832 
-3.64678 -1.09822 -3.02971 
-5.83799 -2.23259 -7.13936 
0.137141 2.56529 1.55346 
4.0125 -5.40936 -4.40191 
-7.60906 4.68298 4.08613 
-5.10748 6.55172 3.00033 
