6.618 6.91221 -0.565099 
0.199614 -5.5795 -5.24043 
-4.56158 5.04114 0.138273 
-5.53533 4.92579 4.17763 
-1.01587 3.05247 7.2305 
-6.867 1.16801 4.94367 
-2.28337 1.74827 2.24655 
-6.9732 -1.04211 -3.88089 
3.6377 -0.336255 2.90885 
-0.125269 -0.677402 -7.09368 
5.14893 -4.57644 1.6138 
1.87473 -7.15153 -1.91204 
5.88959 -2.25135 3.0877 
7.55477 6.68344 -7.53686 
-7.34102 3.73964 -2.73648 
-6.48928 -1.23447 4.15189 
6.18257 -1.18339 3.83918 
-1.23237 2.95588 0.624024 
0.428087 -5.8109 -7.86178 
-4.78844 2.33611 6.89481 
1.42501 1.03485 1.91093 
0.00393934 7.53117 -7.49513 
-0.765416 -4.54941 1.2164 
2.62271 0.705286 -5.11395 
5.66742 -4.23935 -5.25021 
-0.189215 -7.43029 6.86068 
-7.71767 4.62808 4.34743 
-2.81296 0.0971129 4.81075 
4.48039 -0.103395 -5.23857 
6.10623 7.68715 7.23276 
-6.72822 -6.31505 1.31996 
-1.62223 -4.84531 -2.49648 
-6.7076 6.01616 0.33494 
7.4184 6.17729 -2.9927 
-0.302193 7.83556 -1.59177 
-1.07074 -4.70506 -1.03464 
2.36896 3.74667 -5.31571 
0.554152 1.6328 5.99597 
-4.64443 1.60695 -7.13433 
7.69198 -6.09923 0.300189 
2.84259 -2.84037 -3.92228 
7.61006 2.84519 -4.1145 
0.962814 4.96124 3.99335 
-7.31453 4.27064 1.0657 
-1.98385 -5.29966 2.62368 
-6.06416 -5.6829 -3.51664 
3.16704 -7.35846 -3.20957 
-0.51795 -1.63838 -4.55989 
-1.78689 -7.68158 4.16249 
-2.73477 -4.98568 -1.21322 
