6.57333 -7.12636 4.41917 
-4.78829 -6.33936 -0.198086 
-3.21959 2.97394 0.396222 
-6.00094 -6.65765 -7.80738 
7.76202 3.70072 3.37186 
-2.18083 6.49691 -4.42014 
-1.00597 6.0061 -5.49101 
-3.2848 -4.0752 -4.16376 
4.14761 5.5619 -1.53074 
-3.2715 6.67766 2.48815 
2.82902 2.75615 -0.479424 
7.66523 0.421655 1.66197 
-3.75281 2.53407 -3.22793 
6.18975 -3.09665 -5.41591 
-3.0591 3.78771 -0.593405 
-5.22669 -3.0819 4.38803 
6.39544 -0.842268 7.15233 
-2.10723 0.51482 -3.09527 
3.04612 4.56534 6.83889 
7.62778 -1.66483 4.68474 
5.98675 2.62194 -6.1958 
1.88927 -2.36065 0.406822 
-3.62131 -0.491627 1.57562 
7.13855 0.52332 2.77757 
-3.57769 0.0975956 3.42577 
5.60902 -5.0403 -5.4509 
2.03774 3.05752 5.19999 
-6.07119 -4.71095 3.01674 
-3.99615 -3.82543 -5.15632 
0.0942122 -3.21106 -4.07943 
-4.12833 2.7514 1.36436 
-3.41475 4.49749 3.12415 
4.16242 6.04131 -0.826226 
-6.84468 -3.18088 -5.04333 
-4.25787 7.23177 -5.90086 
6.88459 -7.13808 6.91038 
-1.32401 7.34089 -1.18342 
-0.984927 3.20872 4.58545 
5.08716 -0.12264 -5.51965 
6.02113 2.26537 -2.993 
-2.82315 -7.18994 1.97536 
-6.75766 -0.322953 -0.70106 
-6.10489 0.538146 -4.63554 
5.50394 -1.50923 -6.2959 
-2.78855 5.95386 1.30227 
-4.3183 -4.3397 -1.11286 
4.34696 4.99855 -5.72885 
2.71567 1.63941 -6.54971 
-7.24295 2.68832 -0.645035 
6.58953 -7.7327 -4.87397 
