3.25271 -4.09568 3.19291 
-3.10058 -0.445678 -4.34452 
-6.15211 -2.22888 6.70437 
0.693659 4.75268 -4.84347 
-3.06766 -1.78687 3.18797 
-5.70093 -0.216315 -0.141023 
-7.31689 -7.84357 -2.02792 
-2.77829 -6.08256 6.2499 
-4.90912 -6.0176 1.30201 
-4.39112 3.86126 1.96645 
-4.4741 0.168305 -0.167797 
-4.44875 -4.9358 -1.6831 
-4.44762 5.26005 0.694944 
-5.78134 -7.52232 4.17151 
0.126667 1.06314 -2.1494 
-3.20167 7.10016 0.554167 
7.85298 -5.29197 3.79533 
5.24466 2.19399 -5.42364 
-6.85487 -1.32492 2.85927 
-2.03941 1.81903 -1.77269 
-1.14697 3.94244 4.37332 
-7.38187 3.47265 -5.31849 
-5.31146 -2.66783 -2.55631 
1.54417 4.30861 1.24187 
0.366784 3.8397 -1.06722 
2.24076 -7.97285 -1.90203 
-4.89571 -7.2627 -4.77767 
0.295608 -2.60468 -0.193269 
4.70421 1.98294 -3.02362 
-2.73746 -3.37648 3.47007 
-7.16087 1.41202 6.09616 
1.17805 6.32021 6.35526 
-5.35257 -4.08593 -2.26043 
-0.630994 -3.96809 5.56141 
3.21996 -2.02299 6.61741 
7.91607 -1.3989 -3.03198 
-0.182116 3.48916 -7.33422 
-3.98414 -1.00126 -3.34425 
4.827 -6.93423 -0.419184 
-2.61788 0.574052 -4.52295 
3.62258 -5.06582 -4.35709 
-2.89489 6.80601 7.47135 
-7.87978 3.34407 -0.541094 
-1.67951 -5.9502 5.13742 
-0.638607 -3.5551 3.90471 
-0.519372 -7.85543 4.79617 
3.8605 -2.06098 3.65307 
-7.43608 -0.0641208 -7.99159 
0.048513 -1.07209 -7.4552 
6.56887 -0.00648073 0.512654 
