-0.685778 7.85984 7.23722 
0.85261 5.25329 2.86344 
-4.19627 -2.35581 -6.47366 
-6.65413 6.58832 -6.21918 
0.742956 7.88353 6.47208 
7.80968 -1.3261 7.02482 
-5.11082 -3.03884 -0.86701 
-2.10239 -6.49868 -1.81091 
-5.20675 -2.26161 0.396523 
2.79706 -3.34152 6.63056 
2.08017 7.75369 7.90184 
-5.9221 -0.914219 4.80669 
-3.9004 0.40829 -3.39211 
0.529238 -5.35193 -0.195712 
4.83789 -3.5003 -6.28119 
0.606274 3.52511 7.64036 
-7.09041 7.14096 0.17597 
1.5375 3.36243 -6.60935 
-2.5258 -1.81327 -7.99839 
3.66753 4.25663 0.31128 
-1.62243 6.29054 0.942418 
7.0576 6.90435 -6.24845 
7.51436 -7.02052 7.7498 
-6.75778 7.43915 -0.586637 
5.66551 6.40661 -7.5493 
-5.4989 -6.82446 2.00548 
2.94949 1.5518 -6.56243 
4.75337 -3.57933 -3.01554 
-1.69203 4.66261 6.5823 
0.218587 -7.71458 -1.42147 
-2.36051 6.92315 0.771234 
2.35741 -5.43302 -6.82152 
-7.10081 0.32542 4.29783 
-0.637177 -4.16116 -4.8231 
-1.37801 -7.08344 -7.33707 
-3.46411 -5.50156 -7.45811 
5.0984 -4.57157 -2.34036 
-4.34847 -4.66644 7.87709 
-2.44605 3.51371 5.85662 
-1.16529 -4.68985 7.54519 
-3.94905 2.27259 3.91484 
3.32006 5.2998 -4.65752 
-4.95587 -2.16391 6.2468 
4.23388 -0.849799 -6.44076 
0.595339 -7.17931 1.38216 
5.84634 -1.59207 5.65161 
-6.02079 4.8719 2.60563 
1.83443 -7.91635 -6.30286 
-3.13787 3.55216 -2.8664 
2.75993 -7.54544 -1.17819 
