3.06506 -7.78208 -4.37401 
-0.260044 -0.790778 -1.06398 
0.215018 -5.91235 -1.87118 
-3.19169 -3.04651 -0.743571 
3.42082 2.64362 3.72616 
4.31624 -7.91156 -2.92943 
3.33581 5.97104 7.22843 
-6.68604 -4.88192 -2.93833 
-1.91647 5.60969 -0.216874 
-2.73933 -6.43782 -3.88349 
6.58165 4.64503 0.617235 
0.0399458 -1.30658 -3.69199 
-3.98566 -7.97119 -2.88963 
-4.76545 0.6739 6.69288 
6.10963 7.92122 1.53307 
-4.48478 4.2524 -7.99549 
2.56503 -7.17457 1.34362 
4.38522 -2.85819 0.35721 
-0.389055 1.11015 3.34114 
7.03372 -6.55913 1.50816 
2.13581 7.38927 0.515599 
-2.33581 -7.49576 -4.71164 
0.270281 2.17428 5.84402 
5.38968 7.5978 7.54121 
-4.701 -0.268543 6.65698 
7.35334 -7.89028 5.26669 
-5.82268 -6.12473 -6.99464 
-3.53418 2.86845 4.02125 
-6.67405 -0.386798 1.31254 
-0.396115 -6.53152 4.9765 
6.69489 3.531 -1.78872 
7.31927 -7.10087 -3.37752 
-1.16808 -6.32276 -3.84046 
-3.75064 -6.59916 -2.07792 
0.24983 -3.88865 -0.763546 
5.80939 -4.05743 7.48497 
-4.42892 -5.58632 -4.64596 
0.961255 4.25259 2.12375 
-7.46817 -2.95301 -4.52168 
4.47713 1.98178 -3.03737 
6.7271 3.65728 -3.45665 
3.50525 6.22722 -2.39084 
5.61095 7.78142 3.12102 
7.67267 5.12825 -5.51067 
4.58496 7.89882 6.39458 
-4.88237 5.15942 3.00865 
2.79447 5.90853 -7.30667 
1.9261 7.4836 3.8249 
-7.67738 7.20131 1.61244 
-6.7314 3.02403 7.342 
