-4.57603 7.6047 -5.1511 
3.82219 2.01527 6.13025 
-2.50598 0.364945 5.83585 
7.52073 2.86824 5.42098 
-7.95592 -4.93322 3.08553 
1.35247 -5.94542 -0.497861 
-5.60298 -6.00067 -4.79938 
1.38022 -5.94775 7.01312 
3.38142 0.663592 3.50393 
-0.518584 6.55778 5.35862 
-3.90616 -7.17726 -3.70392 
4.39199 4.66106 3.12567 
-4.23288 2.18829 -6.02997 
-0.720923 3.65258 0.780332 
-2.4123 -0.891089 2.03607 
-6.81831 5.31223 2.23865 
6.31853 -3.46595 0.364432 
4.90692 2.29769 -6.9852 
-0.317803 -4.59516 -6.17435 
-7.87969 7.87873 -6.19439 
0.361705 -7.24996 -3.1604 
0.255929 -5.40186 4.44201 
5.94892 -7.45503 -2.15292 
-5.21372 -4.62899 0.481488 
-2.26297 -2.47594 -4.32682 
-4.54431 -2.45093 7.23521 
5.91403 7.70652 2.61899 
-3.68972 -3.71371 2.87241 
6.44836 -4.80846 0.88283 
-5.27694 2.81775 -3.08606 
5.13074 5.99126 -2.1229 
6.47967 -4.63519 -5.94826 
-3.86915 -1.22132 -7.37458 
-5.04568 -0.0799958 6.73086 
2.42036 6.40646 4.86986 
7.5261 5.83934 4.00575 
-3.50759 7.00713 -5.50028 
6.35021 2.36723 4.03735 
1.95059 5.27228 -7.82 
-0.813166 -2.33449 -6.29857 
7.81389 3.21083 -4.13759 
-5.3249 5.37598 6.53283 
6.31668 -5.97375 0.902349 
-6.92873 7.71789 -4.81676 
4.93971 -5.61773 0.494578 
-4.72525 5.25045 7.5577 
-4.95861 0.540643 4.9263 
1.41408 5.68013 -3.68856 
0.651161 1.9457 1.05679 
-4.20521 7.62313 2.40287 
