-4.80332 6.761 -0.999747 
3.94055 -4.85836 -4.29624 
-5.02232 -1.1908 -4.65834 
2.44033 -4.82799 -0.795027 
-6.40508 -2.7065 -7.21878 
7.23242 -3.74888 -4.81064 
1.8 2.85442 0.987836 
7.97569 7.51531 -3.45523 
-5.76619 0.827334 -7.81727 
-0.112545 -3.65122 -0.88782 
-4.62125 3.18648 -6.20202 
-4.85158 -0.41643 5.57528 
-1.50971 5.62796 -7.76616 
-0.877282 5.79996 -5.92764 
5.25019 -5.28818 -3.71183 
1.76679 1.06916 7.44162 
6.31564 -2.39519 -0.535196 
0.597105 -3.91849 -5.92885 
5.46315 3.4307 1.63872 
0.160715 -6.23726 1.23646 
-1.94727 7.60537 -1.93561 
-3.18149 -3.56461 -7.05079 
7.91954 -4.4724 4.6795 
7.96133 -2.4944 -3.34265 
-5.57135 0.647906 1.16209 
6.93849 0.837459 7.17954 
-7.1778 -4.43928 -4.74221 
-2.28995 7.64269 -5.23409 
3.14138 -4.69129 -3.10637 
-4.4075 4.03318 -5.17655 
-7.2822 -2.48877 -4.27469 
-1.12192 -3.74563 6.70918 
-3.1337 5.02201 -0.817462 
1.00236 -6.70771 -4.61847 
-6.42294 -2.71994 3.51988 
0.839479 -7.67109 -2.57709 
-2.84507 1.05083 -7.57378 
5.78621 5.33676 -0.837419 
-6.3388 -6.99097 -0.292916 
5.89168 -1.03257 -3.38881 
-6.44761 -5.99399 -4.41518 
-0.154271 -0.935957 0.444727 
-6.66817 -0.998523 5.19917 
-7.21399 -6.91045 2.57737 
1.50686 -3.87386 -4.15791 
-2.72688 5.17472 -0.581937 
-1.60376 1.57734 2.03149 
-5.48766 -3.46695 6.55604 
5.7314 -4.17733 7.79349 
-5.8482 -1.55317 5.1437 
