-6.24136 -0.847854 5.1161 
6.75698 5.83804 -7.467 
1.46356 5.73661 3.81681 
-1.27954 -0.457386 1.09025 
-5.36935 -6.6763 -5.15672 
3.34232 7.30052 -7.96962 
5.36286 3.386 3.25255 
4.63 -4.90681 -6.80907 
7.39003 -5.85516 -2.16985 
-5.07614 7.15376 4.96193 
0.931923 2.4185 2.69809 
-3.80678 -5.03491 -1.97771 
-1.13566 -0.184228 -4.62343 
-4.76081 -3.33156 -6.15826 
3.51831 -7.12383 -2.94579 
-6.50266 -6.44977 -2.8211 
-4.34419 6.27545 -4.22015 
-4.29776 -3.00854 7.32612 
7.26932 -2.13151 -0.596161 
-7.02625 -5.50084 -7.31702 
-3.55836 2.50904 -3.20254 
3.87651 -7.47761 -2.65981 
-0.787515 -7.90588 4.33423 
-1.02606 -3.56895 -4.0419 
-6.05966 -0.461459 -4.09388 
5.58058 5.38259 4.18794 
0.918231 -4.98137 -4.24416 
6.49004 3.93389 4.42397 
4.94691 6.45397 3.93957 
-7.45734 3.98925 7.61802 
3.35911 -2.358 3.97915 
5.83374 -5.83727 2.09526 
-0.0792596 -6.16119 0.494132 
-0.240024 -4.9921 -3.67975 
-1.88552 -5.37628 -2.13279 
0.481283 -4.98755 0.226668 
6.82329 2.1704 0.541939 
0.902008 -5.24749 2.15773 
-1.9473 -7.67032 0.952004 
-7.95166 2.89342 -4.69338 
-2.86242 2.83547 -4.51289 
4.95323 -6.37488 -3.8314 
-1.04205 -0.653758 4.54498 
4.94753 -0.319811 -3.81332 
0.452436 0.261017 -1.66605 
1.05467 -6.77928 0.13371 
1.78113 3.81176 -0.249801 
-4.85986 2.26346 2.50165 
1.33187 0.941161 6.10398 
-4.83857 3.72966 1.91052 
