-2.45027 4.95489 -5.98432 
4.38767 0.105952 -2.26705 
3.26031 5.86914 -1.87382 
-4.68012 -4.4036 -0.961332 
5.06975 -7.94287 3.62014 
-0.589806 -5.0349 -2.29859 
5.90298 7.41052 -6.03195 
-4.72619 -3.29818 -2.51445 
0.651585 6.64034 -4.03582 
-3.62856 -0.327826 7.58683 
0.328064 7.29038 -1.09529 
-0.349617 -2.84898 -6.04528 
-5.55602 -7.84121 -4.16463 
0.983752 3.90937 -3.64801 
4.59236 3.75062 -1.94084 
-3.96121 6.29514 5.60187 
4.45291 -7.99071 3.17369 
-2.98626 -0.902643 7.7961 
1.57366 6.67921 1.34179 
6.226 -0.660686 0.707358 
-7.66136 -4.3699 0.363206 
3.47975 1.86362 -2.02943 
-5.41935 -0.0309044 -1.26944 
-1.21143 7.61769 6.22465 
-2.83269 1.512 5.04781 
6.64298 -5.06054 4.49517 
-4.05164 -5.01855 5.88941 
-2.21771 2.38054 4.1622 
-1.58722 3.32782 -1.10491 
-4.654 4.47739 -2.4609 
3.75326 -2.40298 -0.891825 
-7.83201 -7.08879 -1.03155 
-3.4434 -2.86302 -7.02291 
-5.03675 5.43273 5.24994 
4.8964 7.01296 7.60768 
6.80239 -5.68694 7.2074 
-3.18651 -5.06066 -1.76409 
1.83282 0.752927 -6.97839 
1.59992 -2.34107 -2.81814 
4.36341 7.28821 -2.99594 
6.99713 6.58179 -2.51351 
2.17897 -5.78491 -0.960584 
-1.20605 1.22764 -1.8342 
6.56438 -4.7553 -3.85516 
2.66197 4.94097 6.61759 
-0.955989 1.25284 -0.214692 
-3.72886 -0.978635 -6.54587 
1.21359 -6.69374 3.62907 
-4.93705 4.95554 -0.472082 
-7.51448 1.37102 -0.78361 
