-7.03294 -2.99222 -1.59691 
-3.01342 5.11273 1.4491 
-2.82181 -0.554406 -0.580546 
4.22961 2.35391 3.89155 
6.04499 5.78722 5.93224 
-4.99963 1.77655 -4.32617 
-5.35927 -4.17525 7.6967 
7.50501 -5.98882 -5.01826 
0.265677 6.50075 -2.31271 
-1.51746 6.85487 1.37792 
0.615051 2.13617 0.656483 
7.06882 2.01384 3.96827 
-3.15996 -3.01604 -2.94212 
-5.95579 -0.950888 -2.20277 
7.19359 0.0794339 -1.65803 
3.15919 -4.38004 0.496655 
-4.78404 -1.79169 -2.54244 
1.51723 -1.38449 3.61457 
6.94547 -5.38567 7.03373 
-3.76389 -0.662741 7.02793 
3.0314 2.22771 -3.96544 
2.14429 0.773169 -2.51251 
-4.27987 6.84572 -2.33536 
5.65361 -2.23002 2.52687 
5.86381 -0.570026 -7.40033 
3.04668 -4.53944 1.291 
-0.926701 -7.60949 -6.60271 
5.35124 -4.54407 2.83958 
-7.4198 7.69018 3.65399 
-2.32966 -6.67261 -1.48527 
-6.53775 4.49825 -1.88781 
0.954024 4.81253 -6.58641 
4.50114 0.422598 0.874943 
-7.66211 -5.39987 -5.79351 
-4.51827 3.50272 -7.09401 
4.48758 4.29274 5.7401 
0.703639 0.384855 -1.90887 
-4.48207 -7.10212 4.57703 
-7.89428 -1.77661 7.01676 
4.12955 -3.97272 7.8781 
-6.4983 -5.81237 0.847412 
6.18928 -2.48155 -0.634515 
-2.77464 0.930556 -7.21929 
5.7747 -3.66463 -4.25789 
-2.7846 4.18406 2.94796 
-6.89144 -0.601868 -4.78125 
5.02434 -3.29398 -6.39777 
4.68736 5.06175 -7.31608 
6.67391 3.20659 0.827869 
4.97909 -7.84705 -2.93516 
