-3.72044 7.24481 -6.70256 
0.741406 4.8646 6.80733 
0.661886 -4.13972 -0.851455 
7.44285 -4.34152 -1.8056 
4.92972 -7.86022 -6.55903 
3.20239 0.324137 -5.19571 
-4.81418 -2.5445 -6.96164 
2.87217 0.0211032 0.183174 
-2.7376 0.568793 6.15716 
-5.7268 -7.25888 7.02794 
5.96106 7.48844 -6.77507 
1.56646 -5.82971 -0.918545 
2.29907 -6.41724 5.67968 
-7.25019 -3.29572 4.11667 
2.01847 -5.83118 5.57896 
-7.56431 2.04194 -1.14015 
-6.76123 -5.48188 -7.03633 
-3.0331 4.04474 -3.23639 
-2.67061 -3.64388 -1.42392 
-3.11963 -4.08954 -0.577238 
2.84659 -7.23612 3.92164 
-4.73878 4.86892 1.0176 
3.64704 -2.43267 7.73462 
7.00057 -0.923482 5.35725 
5.134 0.532586 -1.68118 
-3.73101 -3.61014 -7.87947 
-3.30018 -3.50847 4.05742 
7.45956 -2.28077 6.76303 
-0.311268 -7.15033 3.02699 
5.89835 3.80065 0.0274666 
-2.85525 0.926757 1.55987 
3.77021 -3.1615 5.74836 
-6.71473 1.95708 -6.42963 
-2.88134 -2.86311 2.36032 
-0.328311 0.824038 -7.39158 
-6.49595 -2.68099 -3.94116 
-4.01142 -4.36856 4.10125 
-2.24343 2.73741 -2.30428 
-7.75989 -5.0006 -4.44508 
3.03894 -6.04028 -5.62304 
-1.22361 -7.19922 -6.82099 
0.296608 -1.07613 -6.35842 
-5.5694 6.2594 2.65212 
-5.83296 0.661552 -5.16967 
-0.962952 3.27146 -7.04046 
6.93325 5.36163 -5.42171 
0.75888 -7.58885 5.4864 
2.11117 -6.93449 7.23993 
5.54639 -7.9564 -1.45849 
-3.1548 0.474697 2.27525 
