2.46108 -7.9992 6.30653 
-4.45453 -3.53571 3.23792 
6.5113 -1.59306 -0.177782 
2.52359 -6.11753 -2.98802 
-7.06787 4.30728 4.9049 
0.504988 7.11276 1.91395 
4.78755 0.529619 -3.20241 
1.05836 -0.204811 2.25524 
-5.4363 4.68808 1.03011 
-2.4291 1.93731 -7.7672 
-6.80357 -4.06472 -4.89359 
6.39211 6.29969 -0.239074 
-2.90752 7.65534 -3.09822 
4.48568 -1.86089 -1.60127 
-2.64499 5.12493 4.02035 
-0.719032 -1.49644 -0.707289 
-5.89069 -3.63797 0.101299 
-2.36224 -0.566176 -2.77652 
2.61604 -7.32885 4.21775 
6.73723 -4.85856 -4.39536 
-3.44372 2.59088 5.10836 
5.93765 -4.99538 5.58723 
3.35765 -6.06833 -1.72016 
4.57395 -2.1708 6.2804 
-1.97069 3.1856 4.36176 
-2.90297 -7.41135 7.92912 
-3.08763 -0.0253536 -0.0443348 
1.81236 -4.15362 0.929789 
-0.437927 3.5814 -4.51817 
2.57573 -4.56172 -2.49969 
-4.71953 2.20075 4.76337 
2.80257 3.95768 -5.94627 
5.98676 -6.42995 -3.29522 
7.74986 -7.29754 -6.65511 
-7.79551 -3.96036 3.01616 
2.72064 -1.67415 2.23477 
-7.89656 7.85916 2.27241 
-2.61137 5.32136 4.8583 
5.78914 -6.71341 -6.08128 
-5.82445 -1.88478 -1.1719 
3.35569 -6.21205 -5.59154 
-2.39764 1.62555 -7.66324 
0.41762 1.26585 4.44388 
-0.181581 7.26 6.54478 
-4.40283 1.97274 3.67899 
-0.851241 -4.46353 -0.845276 
0.923516 -5.24211 3.08892 
-0.739472 -6.66906 -3.82079 
-6.14122 2.61947 -3.19304 
6.67755 3.62055 1.23361 
