6.92526 4.29291 5.86566 
-0.00565585 -5.28847 -6.32782 
5.07227 -4.14983 6.84532 
7.89278 -4.47755 -6.98768 
-2.98599 6.72302 3.16832 
-6.54312 -3.57446 -6.69688 
-0.900592 -4.06114 5.11492 
-1.8956 -5.82831 1.63024 
2.26911 -0.475725 2.9639 
6.36129 5.30729 7.29266 
-3.66231 -4.56132 -5.34471 
7.62161 -1.32741 -0.566824 
-2.73632 3.44912 -0.327332 
-7.97563 -0.357125 -0.889244 
-5.3789 5.0967 0.497861 
6.18428 -7.9255 -2.56402 
2.68236 -4.99909 5.16481 
1.6012 -5.86085 2.83533 
6.27214 4.19479 -7.03876 
-6.83185 5.63992 7.46084 
-1.90638 7.39172 -7.93783 
5.81356 1.63055 -1.51883 
7.54951 -4.68784 5.86354 
-1.00754 3.53267 1.12044 
-6.19759 -4.1371 3.46878 
1.05753 -1.80012 6.1836 
4.39759 -3.24428 7.80445 
-6.05433 1.93649 2.28171 
2.01674 6.34874 -2.80867 
-0.782439 6.37713 4.99509 
-3.6086 -7.4919 1.4188 
1.67049 2.57751 1.75914 
-3.77594 2.24334 -1.66721 
1.22942 -2.74789 -4.71056 
-4.99371 6.85954 -6.12845 
7.55406 5.45807 0.96781 
-2.87382 -2.04837 -5.96325 
2.48772 0.935527 -0.413215 
2.26439 -1.321 3.08335 
-6.05152 -4.58385 3.39628 
-6.00589 4.78837 -3.39369 
6.75482 -1.47766 6.52479 
3.12064 2.49411 -1.21622 
4.68854 2.06911 -5.76561 
-1.96495 -6.26796 5.42329 
-0.160198 -0.73348 4.73725 
-7.83418 -0.808429 1.95836 
-5.06556 2.36967 -2.1433 
-2.62494 -7.65184 4.23722 
-4.85972 6.97584 -2.91136 
