-1.50892 -4.30924 1.01016 
2.43588 -6.72623 -2.44135 
3.62373 7.11478 -7.5308 
-2.73897 1.82441 -1.26835 
1.3663 -6.75585 -1.39874 
-0.177794 6.39192 -3.05568 
4.57855 5.19006 -0.841827 
-1.40072 3.77601 3.95569 
6.17174 7.0986 3.04318 
-1.23461 -2.23922 -3.7381 
6.8106 -0.962243 -3.25855 
-7.62285 -2.48558 -5.88606 
5.93758 -3.57564 4.0202 
5.52157 -1.89734 0.944637 
2.73659 5.94721 -7.1252 
-2.50772 -1.82231 -1.44368 
0.520715 1.20772 -1.93047 
-5.12451 4.09601 4.49525 
3.5283 5.31853 7.5345 
1.47307 -4.65255 6.02154 
-2.0026 6.30926 -4.21034 
-0.981426 6.05541 -0.591869 
-7.07171 -0.514203 -0.433812 
-3.73327 -4.86544 -2.70338 
-6.27412 -1.13962 5.91756 
1.7831 -7.96301 -3.08042 
1.26953 -0.737305 -6.61114 
-5.42988 -5.73873 3.42567 
-0.355563 -1.49454 -6.39639 
-5.83856 -4.61347 -4.35798 
-6.64564 -4.56833 -3.02784 
7.04321 -5.93001 2.43873 
-7.70011 -4.80165 5.4325 
-0.767256 5.69308 -0.83258 
-3.5101 -2.12479 5.67707 
-5.22345 1.55856 -6.2 
3.02298 1.74606 -7.08652 
-2.29369 -7.73994 -4.84809 
-4.64886 -7.80323 4.56087 
-5.01902 -3.44499 -2.79151 
0.835034 -1.69412 6.73954 
7.02321 4.55376 -6.4392 
-1.39815 2.7772 -5.29212 
4.78936 -0.548849 -4.77796 
0.14653 -2.56638 -1.19395 
2.57057 -7.3587 -0.545009 
-5.61169 4.76009 -7.29199 
-7.9656 -6.78388 1.10179 
-4.99667 -4.9196 0.747505 
-6.85082 -3.00975 3.25727 
