7.29343 -2.85779 -4.51474 
6.87747 3.00605 -5.08126 
3.89921 3.42755 7.9215 
-6.72369 -0.892466 -5.38441 
0.489558 -2.53678 5.46482 
-3.90391 -0.486532 3.38828 
-5.3065 -7.75303 -4.53011 
-3.47914 -3.59097 2.67333 
-0.490055 0.0127429 -6.53296 
1.44372 -1.52925 3.27409 
-6.06518 3.5587 -0.392754 
-5.34299 -4.68861 1.81183 
-1.08481 -6.57322 -7.38832 
3.23881 -6.45888 7.62605 
6.37456 -3.76029 6.972 
-3.65575 -5.5372 2.25606 
3.23734 -6.81391 2.97605 
4.39989 -1.36458 -7.52333 
-0.146211 7.37035 7.89194 
-7.07397 -0.596587 2.51952 
-0.243174 -5.60054 5.12155 
-0.517595 -3.1244 5.48519 
0.658889 2.08803 1.16454 
-3.79574 7.07944 7.33903 
-5.42149 2.20679 1.6441 
5.16206 -4.19204 6.66701 
4.96208 6.9446 0.609623 
-1.95494 -2.52038 -0.184483 
-1.44812 7.32357 4.4965 
0.774259 -1.36379 4.79788 
1.66189 1.32507 -0.944424 
7.73452 -5.73392 3.73239 
-4.53344 4.82748 -5.51417 
-4.70129 -0.250225 0.985474 
4.99111 2.5103 -6.83522 
2.02611 -5.94605 -7.03263 
5.07476 6.47497 6.23425 
0.378516 -0.711168 0.814274 
3.41351 -4.55504 -0.471648 
-6.65718 -5.82927 -4.81432 
4.00623 7.68552 7.79113 
-0.553686 -4.37798 -1.11947 
-4.528 7.95439 -3.036 
-7.10271 6.1119 0.610489 
-2.88441 -0.877743 1.27964 
5.07112 5.53568 3.30491 
-1.16777 7.32175 -1.19512 
4.85338 1.86647 -2.8209 
-1.68617 3.87523 -5.96642 
-3.96792 -7.75232 3.03532 
