4.68674 7.07655 7.25785 
-2.55442 -2.03452 -1.41885 
0.827633 -2.02981 -3.81186 
-1.95262 -0.320253 5.10536 
2.98887 3.07623 7.28557 
4.77905 7.20919 1.45187 
-7.38133 4.43569 -6.6998 
-5.87684 7.95616 7.38733 
3.44433 -0.446597 -7.90815 
0.596189 -0.760943 -5.00706 
5.13744 4.01562 -6.5406 
2.39766 3.13171 6.62548 
-2.34019 3.55882 4.02408 
7.51107 1.44657 -5.26427 
6.75456 -6.37815 0.19278 
0.576642 -5.9932 6.53535 
-1.798 -4.10331 5.24704 
-3.05678 0.887208 -5.23419 
-4.00209 -4.94491 4.37344 
4.11149 2.34401 7.92634 
-7.96584 5.65012 2.6891 
-5.56621 6.57844 4.13439 
6.88021 -3.32954 4.4733 
-7.09928 -3.74039 7.17269 
6.06153 7.83047 -5.84851 
5.72601 -6.39858 6.64415 
-6.12615 -4.74518 1.51995 
1.81557 -3.32132 3.11907 
7.60477 -0.509646 -1.1187 
-6.98801 -4.60122 -5.74097 
-1.98596 -4.43611 6.14313 
-6.47832 -5.77107 2.99357 
-0.402989 5.23465 -4.76959 
3.93677 -2.34865 -4.91828 
-2.8004 5.75152 1.15727 
3.1086 -2.14345 -3.58993 
-2.77407 -4.18677 -4.12091 
-5.71533 6.51633 1.2219 
1.33459 -1.40037 1.64776 
-3.81482 -1.1335 7.72214 
-0.601439 3.08443 1.56641 
-3.77859 -1.81146 -1.40189 
6.98395 -6.2202 -5.45106 
4.80203 0.380644 -1.49154 
4.04315 1.05474 6.79136 
2.17737 -6.56991 -4.74336 
6.01484 7.99569 1.9424 
3.21355 0.0683179 6.33761 
4.38891 -7.55293 2.46677 
2.41073 -3.00212 7.24249 
