-2.8527 -4.17443 4.29241 
-2.44226 -3.36102 -6.16109 
-7.61563 3.49265 5.65635 
5.94163 -3.05359 -2.94594 
0.739253 -1.99434 -4.5849 
-7.65453 -0.695429 2.73619 
-6.15973 7.85319 1.19169 
2.58065 -6.27546 5.67984 
-2.39358 -7.41928 1.50428 
-4.70282 6.35377 3.89807 
-6.27084 3.46242 1.94125 
-2.32683 3.94266 -0.0346187 
-3.54097 -6.97559 -3.26918 
-0.744559 6.15346 1.46587 
-2.50209 -2.44965 -1.11063 
6.39898 6.17872 6.93305 
-6.39562 -6.56499 4.42391 
6.17884 1.65464 -0.584304 
-1.82453 3.57513 2.31831 
-3.83515 6.12788 -5.34273 
-4.18785 1.22473 2.78371 
-6.4505 7.69163 -6.76769 
-3.94009 -5.77173 -7.43202 
5.41993 6.53525 1.20989 
-0.829255 0.418988 -1.65247 
-2.30311 -3.15131 0.71894 
-4.61369 5.06182 7.30526 
5.70907 -3.26313 1.8638 
-7.80206 2.4105 2.03989 
3.99578 7.94142 3.1741 
-5.86983 1.11247 -2.143 
5.72008 -6.86044 5.42251 
7.16125 2.04078 3.9701 
-1.0405 -5.15746 7.49985 
7.52419 0.0451725 -3.2593 
7.92897 -0.340559 -4.72718 
1.89386 0.703661 -4.19588 
1.51108 1.55265 -6.99477 
4.65597 -4.51344 -2.78085 
0.829019 6.51214 -5.34876 
5.64177 -3.49469 -2.68721 
2.96172 -4.53319 -5.54273 
7.54341 2.09966 -0.233224 
-1.57748 1.21441 0.727447 
-1.03169 -4.68581 -6.38296 
-1.5246 -5.54163 0.105296 
1.38848 -3.92383 4.50216 
-6.53374 -1.07775 7.6627 
4.14107 -2.9179 7.76256 
4.98267 -0.313544 -5.48857 
