-1.95073 4.53618 -3.95496 
1.65032 -0.234692 -3.08534 
3.0532 -0.110375 -2.91635 
-0.640678 -7.5674 -0.556642 
-3.85594 6.52157 0.183396 
1.52004 -0.672509 7.23473 
-4.19133 3.24277 -4.94793 
-4.72547 1.83131 -0.69827 
7.41415 -7.83985 -5.10932 
-5.34789 4.41503 -4.52258 
2.4657 3.59126 -1.41849 
-1.07671 3.32751 6.86252 
-1.00489 7.1993 2.73681 
-6.89413 7.26802 6.86007 
-6.00706 7.54333 7.64568 
0.810491 2.24607 0.203797 
5.15956 -2.96516 0.415242 
-6.31863 6.78833 -0.629238 
6.28299 5.53064 -3.56529 
-6.32742 -2.48864 -1.51479 
1.72447 -1.45749 -1.06636 
5.70469 2.89591 -5.44867 
-3.73285 -5.75785 6.34322 
-7.16127 1.19937 3.36922 
-5.17534 -7.80488 0.0439629 
6.79557 -4.27096 -0.381764 
-4.80821 1.39812 -7.62511 
-2.99702 -1.2843 3.83187 
-1.41088 1.59645 3.40097 
0.988045 -5.12914 2.14947 
-2.68254 0.912493 6.54056 
-4.79494 4.19937 4.62482 
-6.19468 7.39454 6.56188 
-0.521892 0.0881081 6.69055 
-2.53104 0.130171 -3.26888 
5.48585 2.63195 5.68751 
-3.54119 -1.06822 7.7694 
-6.44957 5.14119 6.53818 
-6.61994 7.2571 3.84689 
-5.87014 -4.67733 1.04979 
3.44123 -4.91288 -6.04638 
7.93824 1.42417 1.48331 
-0.278295 -0.423074 -0.794135 
-0.476235 -2.84173 -3.81325 
5.52119 -3.68523 -4.45862 
-4.075 0.0447009 4.28515 
-4.98098 7.35282 -1.10542 
5.11688 1.80282 -0.575607 
1.26282 -6.03776 -5.31655 
3.7686 -3.88153 2.95177 
