5.21707 0.582832 1.15573 
-0.981957 0.272713 1.50931 
2.91406 5.4962 -4.18283 
-3.90735 4.51808 -3.10381 
-7.61317 -0.865176 3.80725 
1.87346 2.20039 -3.90127 
7.55659 -5.72904 0.108165 
5.64398 0.341549 -3.35339 
5.67157 5.75698 -0.555709 
1.70934 -2.6311 -2.53559 
5.00396 3.06149 7.21205 
-1.15451 7.52846 -5.69238 
2.51342 3.97111 -0.190734 
4.22835 -4.42137 6.87076 
-3.03029 3.74181 7.83415 
0.570158 3.89842 2.05034 
7.26029 -1.13321 -6.30435 
-3.6307 -3.80461 -4.16711 
-3.74446 -5.10967 4.98116 
2.59336 -3.91748 3.67392 
5.71323 3.73319 3.55352 
-4.92112 6.32898 -4.9967 
-0.306498 -3.42209 0.960109 
4.85636 -3.09799 -3.62586 
5.96811 7.59342 1.56035 
6.64356 -7.75783 -6.98458 
7.52801 -7.16229 1.70424 
7.35904 1.1361 -6.65485 
1.59901 -4.42525 -1.61146 
4.24521 4.42095 -6.60613 
-0.70926 7.87669 -7.46024 
2.14288 2.6565 -7.06679 
6.60767 5.8244 -0.603557 
3.89339 -3.30311 1.92505 
2.29353 3.09886 4.14335 
-5.10366 -0.989701 -0.442167 
4.71604 -0.941258 7.33258 
7.34617 0.955636 1.78028 
-5.77392 4.24502 1.92003 
-4.44235 0.243071 5.25861 
5.8052 3.46593 6.8616 
-3.3261 -5.77879 3.47412 
-4.3755 -2.17075 5.66422 
-5.98427 2.21179 0.00743893 
-6.84947 1.28046 -6.96124 
7.01606 5.93547 2.0408 
0.83608 -6.33043 0.420625 
-4.8904 3.90195 4.02822 
-3.03374 1.38384 0.232115 
5.82679 -2.01441 -7.74647 
