-7.77305 -5.57009 -2.44693 
-4.37957 7.44464 -7.09785 
-2.33513 -7.84397 -3.54785 
4.23585 -2.5928 -5.89602 
6.31361 -1.6558 2.62578 
-6.83196 -0.461903 -6.22444 
1.65218 6.76158 -4.07778 
-1.22727 0.730139 -4.81305 
5.79767 -1.21344 0.494271 
-2.53392 2.67798 7.08422 
7.3477 5.85933 5.08286 
-7.30514 -4.44762 3.74217 
-5.66464 -4.79854 7.52948 
2.55686 7.5285 4.35834 
3.46846 -6.89334 1.78614 
-6.53483 -0.900639 6.14561 
5.04185 1.19663 6.07888 
-7.45399 -2.5018 -7.34181 
-5.81363 6.67911 7.7534 
3.83412 0.2915 -7.59613 
-4.82454 5.79046 1.4999 
-0.988215 -3.02983 1.44967 
-2.39996 7.7931 2.7054 
-1.35579 -3.72813 -6.00249 
4.71487 1.48496 -4.07985 
7.88086 6.10709 -7.19556 
-7.52776 -5.98458 -1.59517 
-5.17304 -7.30416 -4.0397 
-7.19876 7.4953 -2.23393 
-4.83942 -4.54495 3.36577 
2.16217 -2.56654 0.847057 
-4.82471 -2.64255 6.01774 
3.86227 -3.52673 6.68707 
2.72733 3.00744 -2.20492 
3.48087 4.66419 -0.503734 
-2.84351 0.0457436 -1.04516 
-2.73421 -6.74198 5.33258 
-1.99211 -4.99438 -2.29403 
-1.75834 6.6847 -6.62251 
1.02959 -0.845323 -7.99652 
-2.3125 7.85956 -4.85583 
0.0145177 6.63209 -0.972821 
6.16031 -7.07327 7.63596 
-3.70608 2.39882 -4.49219 
5.37573 3.02355 3.28082 
-1.59053 4.43764 2.51432 
-3.1548 -5.39147 -0.331501 
-7.51745 1.47798 4.03885 
-2.53222 6.79107 -3.31749 
-3.42909 -1.68394 -5.95429 
