2.59869 2.7867 1.74604 
-5.12628 4.82781 7.34715 
5.4081 4.4957 7.30119 
-0.182361 -4.18842 -7.35216 
-6.34238 -1.04338 6.44953 
-2.02868 5.46074 7.28099 
-7.56226 2.88981 2.47618 
4.17083 -6.77501 -5.56659 
-2.72331 7.25791 4.15268 
-0.836017 5.99698 3.56557 
-5.64727 5.62993 -5.01085 
0.145122 -2.78683 -1.2716 
-4.11393 -0.733452 0.453967 
0.0804633 -1.67562 5.43116 
-1.12849 0.551267 -6.15689 
4.94954 2.35692 5.84647 
2.13649 4.09932 -2.34141 
-4.21923 -6.68881 -6.20139 
-3.95679 -7.30515 6.73638 
4.81519 1.0574 -7.35504 
3.38277 3.72944 -0.219895 
7.2534 2.06151 -3.08492 
-4.50184 -6.03965 -3.71731 
1.5122 -1.48618 -2.90946 
-0.959232 -4.61962 4.49937 
4.8032 2.96553 2.3388 
5.15635 -5.56281 2.64226 
5.41107 -2.32342 0.0601313 
4.77646 0.0822009 -0.376403 
-2.79614 -0.346015 3.10608 
-5.46714 -1.00797 -5.45727 
-5.47169 -0.0334485 -3.53158 
-7.84026 -1.7632 -1.14599 
5.86291 -3.05234 -2.09121 
-1.03604 0.123507 6.36478 
-0.560483 3.2663 -5.49683 
-7.56289 3.5646 3.99104 
1.19983 2.46123 2.37466 
-5.19147 5.3603 -1.7964 
3.73944 1.75744 -2.84969 
5.49382 -6.84261 5.6424 
3.08882 -0.952213 1.3399 
-3.19583 6.12403 -4.23876 
7.87599 -4.71742 -3.72509 
5.57659 0.250722 2.44818 
-3.98216 -7.75318 5.18081 
0.790175 -7.45657 0.564368 
5.88489 -4.54651 -4.52737 
-0.713618 3.58693 5.57503 
-2.36596 -7.18509 -2.86089 
