4.75004 2.44681 5.07316 
-7.85983 1.71319 -6.83891 
4.58626 -3.15869 -4.11167 
6.9632 3.03019 -2.06154 
-5.76344 6.89247 6.47729 
-0.622288 -7.18199 5.88236 
4.54569 5.07756 -0.318353 
1.69687 0.811285 5.00973 
-3.98161 -0.122678 -1.32432 
2.48235 -7.42567 -5.35213 
2.17519 -4.13567 4.48995 
4.84636 -4.72579 -6.96993 
-0.54668 7.44441 -2.59231 
-6.02517 3.80488 1.02679 
-4.06476 6.51066 -7.19368 
-7.12886 -7.47346 -0.378959 
0.235859 -5.99183 -1.10205 
-7.30117 3.47 -0.677743 
3.75674 2.81375 6.33044 
-6.05696 7.1267 -5.50263 
5.13931 -3.74956 -4.79486 
0.265273 6.13534 7.38746 
-0.0769573 7.83547 -3.18792 
4.05651 -7.3212 2.03152 
3.88606 -4.27659 6.85095 
7.48597 -0.772144 -2.58433 
4.81222 0.327266 -4.18946 
6.44916 4.63188 7.01436 
5.37592 6.30125 4.04705 
-6.73533 7.92873 2.57454 
7.14363 -0.337511 -7.78717 
4.11967 5.97744 0.161982 
1.83076 1.40622 -4.60743 
-6.53909 5.56156 3.83474 
2.93962 -5.88668 -1.1314 
6.25347 -3.30038 7.18546 
-6.79893 -5.24522 -4.17937 
-6.96114 1.84344 2.1363 
-7.17406 1.89437 2.31389 
6.39806 4.4674 -1.42469 
-6.0596 -3.39456 -6.87466 
-7.66919 4.14046 -2.60474 
0.559932 2.65764 6.25368 
-6.52359 5.55399 1.72036 
-6.24996 -0.229579 -3.56532 
4.64508 -7.24372 7.03152 
-5.80894 6.01186 -1.07806 
-7.61617 6.5265 1.19614 
-4.58529 -2.37495 7.8156 
-5.13708 -2.79148 5.07417 
