-6.48074 -4.18601 -6.22334 
-1.33092 2.20112 -1.2056 
-4.28855 -6.21545 -6.30092 
-5.62167 3.98859 6.46938 
-4.26463 4.7955 3.65754 
-5.92487 -3.1493 -2.49556 
-4.95577 -7.649 2.20515 
-1.89488 -0.269228 1.53213 
-1.12974 4.33758 5.85965 
-2.71256 4.4486 1.89733 
6.36406 6.40107 -7.115 
4.95167 -4.41453 -3.90029 
0.405006 -3.13628 -4.36484 
0.825946 7.85669 -7.32709 
1.71588 -4.57327 5.98624 
-1.81297 -6.54412 5.07884 
-6.39289 3.16534 -0.746043 
6.76373 1.48547 1.50912 
-7.01062 -5.55562 -3.74099 
1.14531 1.54482 5.95496 
-3.16013 -6.25855 6.8763 
1.25645 -4.37471 0.0980864 
-5.69092 -7.59276 -7.0442 
-2.05014 6.56589 -4.57077 
0.371871 4.15785 2.32549 
5.37767 3.3225 0.742044 
-5.36263 0.159704 -0.982999 
-3.28738 7.68787 7.62141 
7.82338 3.09902 -4.71907 
-4.72452 -3.41444 7.50275 
7.16462 -6.4633 5.50098 
7.73099 -4.74346 5.29332 
-0.142336 -4.29121 -2.97806 
-5.84264 1.33525 2.58408 
-6.25537 1.10496 -2.20518 
4.62552 5.57136 -3.95725 
4.28694 -1.82785 -1.1363 
3.4085 -4.94174 7.82842 
-7.37906 4.82788 -2.5635 
-2.33401 -5.22562 -2.01427 
0.102742 -7.74934 -3.10314 
-2.59986 6.32083 -7.04425 
6.59657 2.72872 -5.02645 
-4.73775 -7.53359 0.495699 
-7.87729 -4.90093 -3.29207 
-2.48755 3.8989 -5.78442 
3.37784 -5.93559 2.60844 
7.11777 -6.6068 2.56529 
-1.0093 -1.76791 -4.35502 
-1.54218 -2.67363 -0.0261083 
