5.79759 3.46044 3.33611 
1.16586 -4.96293 3.25368 
3.24436 4.33403 4.83949 
1.74907 -3.95921 2.53946 
-2.10886 0.984399 7.42395 
5.70723 4.08949 6.87467 
-5.8587 1.97729 3.4607 
3.958 -5.21508 2.06317 
-3.34891 -7.4144 6.26239 
-0.365106 4.28519 -1.07329 
-4.23018 -7.94037 -4.13833 
7.98491 -2.49723 3.86664 
7.7911 -0.65517 1.57767 
-1.03191 1.33131 3.60923 
2.53174 1.46134 -0.32756 
-0.550731 -2.02356 6.48209 
-1.06003 4.62034 1.59212 
2.19793 2.46066 -5.78838 
2.26281 -3.95744 -7.21464 
6.04962 0.43476 -5.73606 
2.10642 5.04966 1.37649 
5.69549 4.22248 0.521791 
-6.51279 5.88571 2.42671 
-3.07651 5.18006 0.682703 
-2.11569 -3.51407 0.688549 
-7.57072 -1.5562 3.91056 
5.36218 -3.12021 6.78926 
7.17656 -2.85917 3.35885 
3.58022 -7.59986 -2.38366 
-7.11738 1.88199 -7.94214 
-1.7442 -2.53919 -4.4047 
-5.20132 3.97685 -0.422204 
-4.00374 -2.63075 -3.61158 
7.60524 -4.11174 -7.02905 
-0.810677 -0.903411 -6.63079 
-5.07858 2.67245 -2.54456 
6.3176 -1.09068 1.31236 
5.33695 1.67362 -7.35937 
-0.786457 0.223076 -2.40133 
-7.64694 -3.63677 -1.59429 
-6.25892 -6.68106 -7.32952 
1.42348 2.38353 5.77561 
-1.01043 4.57138 -4.68502 
5.82698 7.31859 -0.0731286 
-6.24623 4.81293 -3.09872 
-2.72172 -1.49708 2.63781 
3.83683 -6.97956 0.511429 
-5.27265 -2.44202 -4.99413 
-0.229522 -7.52758 5.29491 
-3.94388 -6.96001 -0.636602 
