4.72904 0.493914 5.41287 
-5.39339 6.02186 -6.30377 
-6.37436 6.6812 -2.93651 
-3.09129 -1.60891 -1.92468 
2.68684 1.73119 4.0502 
-3.99885 7.949 2.08413 
-5.83604 -5.72491 -7.31309 
6.31028 -1.88963 -5.48452 
-7.86514 0.795655 -1.45083 
-1.00091 0.258915 -3.92893 
5.76926 -7.98922 4.51104 
-2.23726 6.71088 1.62988 
-7.34701 4.09085 -0.664955 
1.94269 -5.30586 -5.42779 
-4.72126 4.17324 4.49647 
1.79497 -6.07539 2.11138 
-2.01069 0.190905 -6.33444 
-5.62432 0.821343 -7.42078 
-5.45508 -3.91689 1.19037 
1.6668 -0.339326 0.451747 
5.06217 -5.88162 -0.465545 
-0.776614 3.03107 -3.50148 
-3.13489 -6.00726 2.11061 
-0.206013 -1.0108 -6.92046 
-3.78702 -7.05801 5.63662 
-2.87044 -7.82621 2.20687 
5.481 5.83568 6.60694 
-0.735524 0.933049 -5.03817 
1.74193 3.32633 -4.80356 
5.89179 -3.76555 -6.64693 
3.26727 4.08713 -7.07068 
5.00288 3.39557 6.03707 
-6.61665 5.7037 3.78614 
2.24489 -0.95345 -0.0266804 
-6.51664 0.0995064 2.6669 
-5.12699 -6.81224 0.419038 
5.30941 2.60553 -7.39986 
3.43395 -0.838894 -1.83995 
-5.29097 7.20362 0.735827 
6.16417 0.0397271 1.71887 
1.36583 -3.32901 -4.68132 
-2.99914 -0.0790899 2.77288 
-5.27157 -0.550424 7.82916 
-7.54658 -1.53596 -1.66825 
-6.00624 3.25043 -7.61695 
3.81982 3.99524 -4.5735 
-2.07729 6.86577 -1.70042 
-0.581577 1.84899 5.322 
1.34609 -2.15329 2.33768 
-2.78177 5.26612 -4.66576 
