1.27863 -6.8549 2.07035 
-4.70757 -4.62899 5.06943 
-0.289885 -7.883 -5.76515 
-3.49585 4.85604 -2.46735 
-5.08014 5.58563 7.8881 
1.80823 -3.50684 3.27972 
-6.02135 -6.24226 6.504 
-7.27915 2.71286 -4.91436 
-7.8379 1.86043 5.50524 
1.80422 0.545713 -3.61662 
-7.42709 -7.905 5.85346 
4.86006 4.08562 6.09988 
0.0354235 -4.35813 -0.316837 
3.52709 -1.35842 2.1679 
6.31433 7.17267 7.19174 
-2.15005 -3.34034 6.38154 
-1.77445 -5.12379 5.94635 
-3.35918 6.42648 -7.06703 
-4.91486 6.18035 -0.497877 
-6.04639 1.85819 6.6005 
-7.14275 -6.8119 -0.106901 
-5.35617 -7.00388 3.81793 
4.51622 6.53401 -7.66731 
5.10892 -0.975925 -3.18078 
-4.29858 3.85617 -4.33765 
0.645088 -5.51166 0.553918 
-6.83482 -7.92718 3.55339 
1.26945 -4.89779 -7.62857 
-7.87002 -6.03895 -1.56105 
-4.63593 -3.98828 -6.27637 
1.57237 -3.33951 -0.0139784 
4.90344 -3.59086 4.51494 
3.01964 -7.66309 -2.0876 
1.22025 -5.71731 -3.38065 
-5.69609 -5.28739 2.35427 
0.055973 -3.7778 -6.95497 
-5.98284 -6.57322 -4.72652 
-6.77357 4.552 2.87842 
0.356204 -2.98073 -6.20311 
-3.14764 -3.55997 7.18752 
-2.78944 -3.89099 1.78742 
-6.10784 -0.92733 -2.58791 
-7.97618 6.39197 3.16479 
5.68754 -2.90175 -5.08946 
4.32343 -0.103792 7.31589 
4.50474 -5.89906 -1.01562 
-5.4299 0.719221 4.77688 
-7.25581 -5.23658 1.51538 
4.32165 -3.56109 3.59264 
5.04014 1.66952 -6.72985 
