2.30186 -6.3086 7.2219 
3.10675 0.285403 -1.60431 
-0.912225 5.91172 7.01426 
2.75345 -3.50514 7.48814 
6.3842 2.56792 5.03026 
-6.80898 7.37911 -5.30796 
7.85273 -6.73013 1.14072 
-7.88755 -0.183875 -0.999315 
0.722442 -6.17065 0.463822 
2.89496 -2.93972 -2.96964 
7.70521 3.78105 -2.05671 
2.94216 -1.93116 -3.18012 
1.48609 6.07548 -0.635605 
-2.73501 5.66874 3.37726 
4.18219 3.77542 -1.27353 
-3.75616 5.09547 -6.24412 
3.92449 2.20551 4.55183 
2.39945 -4.91978 3.03041 
0.606437 -4.64239 0.682975 
3.28834 -5.48188 0.656165 
5.58161 -7.74859 -4.68848 
-3.27252 4.14434 -2.50313 
1.54319 6.07818 -4.18011 
6.41645 -2.09594 -4.05798 
-0.267124 -0.671529 -0.210568 
2.96451 -4.87444 4.59334 
-4.81863 -5.92163 -5.14501 
-4.08295 1.96979 4.49544 
-3.73234 0.577665 2.14575 
1.78514 -0.455916 2.74868 
3.72428 5.92034 1.66644 
-7.9686 5.80746 -4.5527 
1.70846 -3.79257 -2.81068 
-4.28163 -4.61185 3.46756 
-4.79485 -3.75275 5.18964 
5.73065 -5.82797 5.33987 
-0.941856 -3.73146 5.08477 
2.84894 3.03488 0.852912 
0.482932 -7.1867 -7.8861 
2.22465 -1.03377 1.10893 
-5.77409 4.06127 -5.20936 
3.46464 1.98805 -2.88665 
3.24162 2.298 0.973526 
-7.38391 7.41776 -1.62911 
-7.47314 -7.94551 -4.44105 
2.16706 7.3284 -1.19569 
4.56942 2.77161 -3.38506 
7.08534 2.1114 -0.859231 
2.82259 -4.26948 6.37977 
-7.14369 2.37803 6.07059 
