-6.45237 6.72308 -6.04378 
4.86346 -0.955133 -5.49361 
6.40817 0.622247 2.27172 
-2.21418 -1.38662 -0.490813 
0.961904 5.61752 -0.881353 
-3.60334 -4.53126 -7.44259 
4.48873 2.05703 5.61321 
-4.54353 -5.03092 6.67935 
1.86222 -3.1143 -3.34103 
-7.36236 4.26333 -5.00552 
-5.72084 -3.68497 7.24077 
-1.06289 -2.47702 -3.03338 
-1.60436 4.35857 -2.32813 
-5.20819 7.19294 2.6716 
-5.09644 -1.32167 1.05431 
-7.34324 5.03872 -7.90006 
-7.29878 -2.42572 2.33633 
-2.1358 5.59332 -0.135723 
6.02139 4.25588 4.21068 
-0.0228167 1.79545 0.176127 
5.79231 5.47071 -6.22068 
-2.00692 6.88933 4.31517 
-0.678136 -2.14263 -0.676589 
7.13661 0.544317 1.0763 
3.93025 5.41532 0.121637 
0.5638 -3.37326 1.79971 
6.34498 -2.90405 -7.56655 
-2.96543 6.21457 0.809087 
5.8451 -2.43877 -6.27499 
-4.06592 -1.86407 2.96352 
-5.63209 -3.72071 -5.05775 
6.88992 -4.59746 6.45346 
-5.10087 -2.85191 -6.80679 
3.89965 -3.86266 2.11837 
-7.68266 6.26215 5.69734 
-5.9185 4.90996 2.83977 
-5.66984 7.63713 6.40532 
-1.33052 2.54506 -6.49148 
0.186993 -4.6881 6.98934 
-3.63583 1.69449 0.609959 
7.50049 2.86316 -5.11591 
-3.85046 -0.168662 3.55497 
0.877065 -5.25722 0.133726 
4.4122 -6.79388 -4.16262 
-2.34085 -6.55353 4.28327 
5.12468 -7.50894 -3.48511 
6.21869 -7.07884 1.01957 
-0.111182 -3.80703 -5.51141 
6.20592 -7.76465 6.4188 
6.38532 -5.53608 -5.00428 
