-4.17439 4.08274 -6.91754 
5.11275 -0.00623385 4.95637 
1.04376 -3.47512 -2.06807 
-7.15295 -0.95793 -1.99473 
3.86647 2.56255 3.61914 
0.727726 0.903855 5.81047 
-7.46129 -6.66452 1.71145 
-7.77751 2.33123 -0.761626 
6.5143 -6.28994 6.57717 
3.16881 4.4207 -7.17463 
-6.12311 3.8535 5.15114 
-7.10355 2.56502 -3.12614 
-5.37992 -3.47444 -1.83199 
2.99773 4.21957 4.05854 
5.25888 -5.37217 -0.476855 
-0.374526 -4.26048 -5.43555 
4.94639 0.0622663 -6.69102 
-2.87838 -6.5632 2.19007 
-4.26438 0.0272888 2.3212 
0.191951 -1.20023 2.8752 
2.38572 -1.67897 -1.33235 
7.50505 6.427 -5.08559 
0.135899 -5.03434 2.51584 
-3.10688 -6.10967 0.550569 
-4.36384 -5.27023 6.94441 
-1.5426 -2.83392 -2.11021 
0.585051 -1.45545 -7.72905 
3.99895 7.65926 -7.12633 
-4.81889 6.603 -3.03062 
-5.325 4.35315 0.795903 
-3.08618 -6.8053 -3.44471 
5.2815 4.03115 -6.07966 
-3.75972 -2.96314 3.072 
0.663783 -5.36702 -2.77521 
-5.71791 2.29473 -7.42622 
1.71497 2.08236 6.6516 
6.28987 -4.33934 1.57103 
6.50518 1.36701 5.55999 
-7.55158 3.26084 -7.13025 
-5.33986 -7.09837 7.96859 
-5.85635 -3.06528 2.22375 
7.77715 5.09812 1.57769 
7.78496 -7.88117 -2.98105 
2.44934 7.09492 7.92491 
5.45613 -3.04149 -2.80478 
-7.16098 3.14199 5.65596 
-6.914 -4.70491 -6.71712 
-4.20451 7.38847 -5.17429 
2.28724 -3.89968 -5.54913 
-5.97161 6.41545 -0.604409 
