3.75277 5.03908 7.53445 
6.1542 -0.303082 3.08742 
-4.31367 -6.66135 -0.318551 
-0.187447 7.45051 -4.09837 
7.33983 -1.74953 -3.06511 
6.22314 -1.64235 3.97161 
3.97668 -1.59782 1.04751 
0.378194 1.53276 -5.32659 
1.631 6.10341 -1.20611 
-0.0438185 -7.64091 6.23081 
5.58909 -0.328879 7.00574 
-5.08066 2.02053 6.22981 
-2.70149 4.56644 0.482752 
5.07301 3.40741 -6.57045 
-6.89833 -6.38474 4.11334 
-4.40625 -4.89254 3.35633 
6.41624 0.660011 0.186243 
-3.33149 3.81893 -0.768497 
2.72653 3.74121 1.81555 
3.29635 0.302923 -2.22111 
1.69759 1.96831 3.09401 
-7.57675 -2.39028 1.28207 
-7.59413 7.69503 -4.68013 
7.45305 -7.45838 7.72755 
6.87165 7.60032 -1.40738 
-3.76714 -2.44564 7.47171 
-5.27269 -1.27231 1.90018 
-3.65528 6.86771 4.92227 
5.97675 -2.25806 5.68329 
1.89002 -2.88893 -1.74575 
-3.84318 -7.58951 -0.333213 
-6.83198 -5.45256 -0.215784 
-7.59137 -0.229893 -2.65941 
7.71965 0.785882 -4.66963 
2.77676 2.28272 0.706579 
4.87038 -7.57876 5.63787 
-1.77325 2.73993 5.55164 
4.70165 -7.39285 3.77517 
-7.3542 -1.55229 4.54682 
-3.05275 3.75539 4.67191 
7.03296 -3.21231 -4.36425 
-3.01786 6.23569 7.74949 
7.96204 5.27176 7.18694 
-7.23271 5.07244 5.93631 
2.26827 2.93165 1.35986 
-1.86367 -2.06276 -6.59368 
5.7277 -7.38969 -1.57625 
-5.79654 -0.415762 3.78829 
3.16302 -7.16349 -0.187442 
-0.279609 5.11775 -7.59441 
