-5.39435 -0.400008 1.61659 
-5.43321 -7.92377 -6.74985 
-1.81471 7.09098 4.83698 
7.10011 -5.10307 -2.69645 
6.65721 -4.0609 -0.284039 
7.04858 -3.65787 4.68357 
0.614159 5.14692 -3.65774 
-1.17111 -2.8548 -7.13688 
-3.3235 5.60682 6.0839 
-5.74309 1.95723 2.82878 
-5.23731 0.324276 3.5284 
0.627643 -2.69475 7.45776 
0.994322 -4.13454 0.652197 
0.101748 0.570651 6.1083 
-0.429027 -7.92133 -0.0940993 
-5.65597 3.55858 -5.66606 
-1.00384 -2.82396 2.29104 
6.4922 -2.73001 -3.75007 
-3.54611 -1.90525 1.24715 
-2.70674 -3.33146 -1.1133 
1.48784 -1.79355 5.66467 
2.41156 2.02594 4.41352 
-4.7271 3.22178 -1.71986 
-6.30835 -6.19144 -1.33006 
5.48501 -6.24127 5.37212 
7.3573 2.59118 2.94935 
5.62872 -7.95617 -1.32301 
3.06031 -5.13321 -3.9488 
0.614074 2.61829 -4.29508 
-2.69089 3.166 6.94895 
-1.93055 0.603081 -7.54738 
-2.73547 4.80184 -5.92732 
5.23132 4.68369 6.40999 
-1.16215 1.37358 -6.36956 
-6.37843 7.86384 6.18481 
5.21844 5.81121 -7.41505 
-6.76373 3.8354 -3.05897 
-0.425231 -6.61601 -0.501524 
-4.09334 -6.18801 -5.83928 
1.57684 -6.95098 -7.15235 
-3.24206 -7.50141 -3.73305 
-6.37164 0.927038 4.04327 
-5.05069 6.37518 3.51175 
4.27302 -3.77079 1.37099 
3.29819 -5.06936 -5.22577 
0.153408 -6.72241 -3.22179 
2.087 -7.29912 7.15985 
-0.411379 3.8193 2.04628 
4.20306 -7.40236 0.637208 
3.17398 -2.56261 2.3827 
