2.51205 -5.76857 -1.67546 
5.36985 -1.28077 -2.87559 
-6.16287 7.40947 7.70502 
3.46524 -1.95012 -2.7602 
-0.920281 2.54824 5.77493 
1.83612 -1.53191 -2.93306 
-1.33028 1.89909 -6.16303 
-6.60272 -1.90757 1.52503 
7.04483 2.46215 -7.92932 
-3.0824 4.446 -1.47734 
-7.26427 6.24973 -0.742313 
4.22297 0.990953 3.67498 
-4.93099 -0.235728 0.872342 
-0.514111 6.45278 4.9955 
-5.05313 -3.90899 -3.15382 
6.11159 5.37266 7.71686 
-2.72947 7.9041 -1.74128 
3.74889 6.35638 4.75831 
6.79418 -5.1492 2.46201 
1.55691 5.42493 1.5528 
-0.5021 3.73298 -1.48634 
-0.159885 -2.79507 -1.35764 
7.65367 6.30044 -1.27123 
6.99469 -1.54552 7.3161 
-1.04424 6.38343 4.69762 
2.01259 6.45155 -1.16858 
1.48671 0.919484 1.13219 
-5.45163 -4.33574 7.66046 
-1.10368 -7.90914 -7.1711 
-3.81263 7.95974 -2.05583 
-1.35878 4.07501 -4.28709 
-7.19971 -3.07053 1.87957 
5.93248 3.035 7.35397 
7.7874 -7.04937 -4.3153 
0.230001 -1.17269 -5.31406 
5.28873 6.63594 -2.12552 
0.372097 -7.04815 0.481923 
-6.0309 3.33067 6.49271 
-0.404585 -4.10838 -5.90466 
-6.07109 1.77693 7.05319 
1.95964 -7.76519 4.91288 
-5.58857 -5.79404 -4.07473 
6.91919 -1.8869 -3.83856 
-7.3984 -4.42819 -4.58964 
6.68079 3.47337 -3.81089 
2.20542 -2.47166 -2.71959 
0.771877 -6.93507 7.78066 
7.07003 -3.29243 -1.48306 
-0.314117 3.58597 -6.07987 
-2.00198 -2.73347 -0.581595 
