-3.36064 -6.38718 -3.78192 
-4.33611 0.687019 -4.64358 
-7.24967 6.66766 5.30353 
5.92956 0.891683 -2.69159 
-3.38693 2.72193 6.57218 
3.79306 -2.49235 -2.30204 
-2.7349 2.48959 2.54187 
-2.31015 -0.970517 7.93984 
4.53375 6.49604 -7.40984 
-1.45259 7.93659 -3.75514 
-6.76995 3.48285 -4.12114 
4.41936 -2.79941 7.42505 
4.06234 0.636056 -3.92254 
-0.373516 7.55451 6.78869 
3.36692 -4.38124 1.72933 
0.832289 -7.59452 5.51494 
-5.27663 -1.0623 -1.09915 
7.23803 2.52194 4.97051 
7.47687 5.36984 2.44749 
1.48363 3.22629 -1.25001 
-5.00999 7.21696 7.65566 
-2.17347 -7.75339 -0.0821863 
-5.07204 -7.55207 -0.050372 
-1.87985 1.26151 7.54592 
7.75351 -1.3963 4.35045 
6.06471 -0.50139 1.53634 
-7.50216 -0.882554 0.325871 
-7.63832 -6.21654 -6.97264 
-2.74697 4.43483 -6.15848 
-4.67229 -5.52855 -0.812052 
-2.3636 4.70735 7.00684 
-4.90592 -6.73878 5.11566 
-3.94662 -1.79908 -5.97872 
-7.28491 -4.95182 4.96234 
3.84391 0.625699 -7.14624 
6.53885 -5.46377 -1.23058 
5.85732 -7.32431 -2.40028 
-6.0254 -7.79939 -6.62932 
-3.86289 -7.36625 -2.34523 
-6.9097 3.5063 0.225425 
3.23423 7.22167 -0.733874 
-2.21243 -5.50754 -6.04639 
7.96617 1.68541 -3.77368 
5.90305 5.92534 -5.62081 
4.51338 -7.03578 -3.48932 
4.06063 3.79365 -7.60287 
0.652045 -3.91406 7.50241 
4.9574 -2.14851 -2.86122 
0.852336 6.65064 -2.98342 
-0.85466 -5.05138 0.59378 
