5.82459 4.66411 -7.67795 
-3.78076 -2.21131 -4.36117 
-5.43901 -7.18681 -6.4727 
-2.78678 -1.68946 -5.54022 
-1.3239 5.19514 -4.4775 
7.18997 7.86803 0.790265 
1.07108 -1.34027 7.35178 
-4.48124 2.34383 0.842574 
-7.55986 -3.62523 -4.11571 
3.5764 1.62864 -4.04383 
0.669017 7.17981 -4.16552 
-2.938 -2.12166 7.55491 
-4.4382 -0.910038 -6.87328 
7.49333 6.31132 -5.88661 
-5.89351 -4.40816 2.31951 
6.32436 -5.05242 4.96465 
0.614178 -6.20365 -2.98721 
5.95296 0.387698 -3.45789 
2.74953 6.09764 -6.63709 
-1.41293 6.07438 -7.96329 
1.97462 4.4966 4.82045 
-6.90176 3.56525 -1.46964 
5.06638 7.18001 2.07732 
6.00596 6.20898 6.93412 
-1.92778 -0.637703 -7.62015 
-0.0745288 -2.17919 -6.31411 
-5.05724 -7.8732 0.767859 
2.11053 -6.25297 3.66084 
-5.93414 -0.619919 0.0544518 
-6.79852 0.38244 5.9201 
-7.46542 5.21713 6.98426 
1.6866 -3.32816 -7.82737 
-6.38624 2.8268 -1.54524 
6.65841 2.40265 -2.80797 
6.51129 -3.8022 2.32972 
-6.46795 -0.0889576 -3.87101 
-5.05322 0.119069 3.37095 
-3.71687 -6.0865 4.52276 
-4.04136 2.81762 4.4865 
-4.2374 7.98636 7.94046 
-1.85076 0.149425 3.47893 
4.02512 3.28169 -1.46192 
4.35104 -5.50472 4.10146 
-1.72385 4.80145 7.47296 
-7.69552 -6.49738 7.11453 
1.21961 5.96735 6.05739 
-1.32096 5.70926 0.722028 
0.699754 1.2373 -1.38967 
-7.96295 1.84457 -1.26321 
-5.58085 5.06704 -7.12629 
