7.6362 -3.82059 -0.9665 
-0.672558 5.86047 2.04137 
-4.84656 0.921256 6.12637 
-7.56219 6.53458 -3.7062 
2.51123 1.16424 6.3343 
7.90863 -3.62116 -5.9368 
7.62142 -2.54849 -0.124511 
-2.52895 -1.27061 -1.68361 
5.27669 -4.49535 -6.76935 
6.50718 4.198 1.49084 
-4.92185 -5.70855 2.27965 
4.98109 3.46004 -6.48032 
5.00035 3.16718 -2.06885 
7.1838 -7.01322 -3.73933 
5.96039 -4.55837 1.45526 
5.28183 5.19624 7.77253 
4.78764 -0.595758 -4.34433 
-7.74724 7.04599 1.60438 
7.80297 -4.88862 -5.29282 
-0.673719 3.00892 -2.19642 
3.88409 -1.1659 7.3056 
-2.86915 -7.6176 -2.81586 
3.69131 5.40182 1.99279 
-4.89954 3.71197 -4.95502 
6.99826 5.52631 -0.163215 
5.37587 2.47102 -4.46966 
1.8745 -3.50224 0.826581 
-3.78468 -0.31928 5.64446 
3.96846 -0.383105 -7.48412 
-1.93181 -7.64251 -4.85489 
-1.20647 -7.5928 3.01286 
6.19633 -3.53264 -5.63922 
1.86239 -5.3526 5.7993 
5.00575 -6.6014 0.640618 
6.48642 -3.80396 -4.40235 
5.57036 -2.1573 6.14308 
-2.93697 -4.89877 1.39098 
7.6634 4.94502 5.4961 
-5.88508 5.17481 6.06741 
-5.95074 0.425195 -7.87027 
1.32083 -5.78007 5.1868 
4.70015 -3.87508 1.65723 
-5.45469 1.68131 -4.42368 
-5.96933 7.42829 -3.79763 
-1.48054 0.291656 -1.12972 
-4.91157 -2.97612 -0.496059 
-4.0988 -4.60735 -7.24782 
3.28479 -6.87771 -7.18561 
-6.37789 7.09867 -1.15219 
-2.13755 -4.09543 5.91076 
