-5.85446 -2.31399 6.34286 
2.46917 -7.71736 -5.58198 
-5.93542 7.3377 4.30958 
-1.33779 -7.81375 -2.87442 
-1.32119 6.69915 -2.17038 
-6.67114 0.836429 0.645829 
1.70344 4.28582 3.86588 
1.64993 -5.21134 3.04236 
-3.40773 -4.1677 3.85415 
2.91973 0.128582 3.83848 
6.01915 -0.906343 -0.697406 
7.95719 -5.10301 -7.79011 
-6.33531 4.70269 5.21165 
4.83848 1.91838 -0.190005 
-2.41874 -2.05345 5.804 
-1.54144 -2.40437 5.47084 
7.70116 4.12041 7.41346 
-0.489898 -6.3509 -0.908074 
5.41685 2.44629 3.57507 
-5.17008 6.90232 -6.09002 
-3.1517 5.38412 -3.4204 
2.95233 5.27559 -4.50519 
4.44121 -6.91182 -6.59213 
6.71214 1.44942 -5.08061 
6.37855 6.14594 4.71444 
4.58095 -7.2224 7.68716 
-6.51531 3.97613 -1.96894 
5.95452 -4.16822 3.98328 
-3.52642 -1.33465 -4.3241 
4.3298 7.67082 0.129898 
6.05136 4.07155 0.231617 
-2.46944 6.22078 -0.67439 
-1.70848 -0.626143 -4.36769 
-6.67104 -6.45404 2.60594 
-4.01392 3.12285 -3.23947 
2.57788 7.11419 -0.450854 
-1.84457 5.58518 -4.70931 
-3.15869 6.19866 -2.85016 
-4.36968 6.91152 7.20561 
-6.03137 5.53745 7.97929 
-0.773523 7.20076 0.374302 
-1.31609 -2.62576 6.58111 
3.91664 -6.10821 -7.35723 
5.13362 4.46462 7.27336 
-0.669122 2.17953 0.434832 
-4.04031 -4.32482 1.12084 
-0.25011 -7.26203 7.67179 
4.82809 1.20585 5.59514 
-3.3808 3.92852 -2.67607 
6.91126 -5.28947 2.78712 
