-5.6068 -6.6229 -5.22226 
5.45087 -6.78404 -4.66101 
1.1328 4.58479 2.83915 
6.91922 -2.13401 -6.43467 
-3.11278 -4.47955 0.555384 
2.44385 -7.34702 2.77257 
7.2128 -1.83624 -6.86468 
-1.98133 -2.98578 2.31606 
1.34935 3.71881 4.26945 
-4.84638 2.66608 6.57546 
-2.39378 6.07558 -0.979394 
5.42952 1.541 0.308447 
-2.94571 -5.4624 -3.36163 
0.936858 5.47436 5.13431 
-4.56289 -6.79527 1.04912 
0.482275 1.46381 5.23042 
5.96977 -1.21698 6.46511 
2.80495 6.91544 -7.14688 
1.85474 -2.09162 7.46334 
-5.72235 6.67619 -3.60063 
2.29909 4.03564 -3.17184 
-3.12814 -6.53134 3.63557 
3.10451 5.39927 -5.11197 
-4.54069 -7.54084 2.19282 
-7.50158 -0.547748 -1.99854 
-1.98429 6.36234 -4.51777 
1.78956 2.42573 -1.06266 
-3.62076 3.38051 2.17927 
6.68093 -0.713414 -0.239099 
-5.84907 6.08271 -6.58224 
0.948039 4.60975 -4.53175 
-6.4876 -2.22024 7.31853 
-3.31478 -1.77773 -7.53564 
4.18154 7.63731 -7.04734 
0.625407 4.73523 1.78114 
5.37232 0.290599 1.20776 
-7.12363 6.45907 -3.47658 
5.81676 4.52607 6.79351 
-0.834553 -5.33318 -7.84726 
0.995346 -1.11954 3.44351 
-2.89107 6.29312 -5.11395 
-5.45237 -4.02061 3.50529 
-3.13586 -3.8777 -1.861 
-7.00149 -6.89598 -2.60037 
6.0672 -4.13832 -2.93272 
-2.03039 -7.22606 -6.84078 
-0.510003 0.32163 7.49546 
-1.49976 6.344 -3.56383 
-2.01665 0.782725 -1.48338 
1.22792 -6.45139 -0.333091 
