0.521775 -3.63349 4.11078 
-2.2568 -7.94693 4.49216 
-4.33573 -3.63407 -4.60388 
-6.82284 -5.0323 -6.74586 
2.08394 6.24034 -7.42046 
-5.30997 -0.473461 -3.93321 
5.52216 -2.12723 0.804031 
3.67153 -4.92373 -3.03273 
-4.03558 -4.05109 -5.78964 
-1.97376 5.89087 6.52447 
0.68722 -0.65322 2.21621 
7.20857 1.47591 3.06555 
-0.378606 0.92732 -3.45655 
3.49867 -0.600028 0.0731017 
5.47427 -0.938018 -1.29849 
3.71776 -1.68293 -0.115019 
-7.26675 -4.21443 -0.957668 
0.648003 -1.25942 7.69746 
4.23246 -2.55523 -4.45658 
-4.4598 -7.16088 5.69638 
-1.80508 2.40928 2.45214 
1.95391 -2.04304 -2.30113 
-4.22383 -3.97439 -2.93722 
-2.05008 -7.87638 -3.58812 
3.60453 4.37019 -7.13555 
5.03835 -1.90149 2.37355 
-0.609398 3.25874 7.48798 
-6.43269 -4.54309 1.10646 
7.81405 -6.27108 -0.852754 
1.3546 -7.88596 -3.78738 
-6.22559 5.86326 -4.35499 
3.17618 4.63672 -4.85038 
5.10255 -0.515613 1.86148 
1.1152 -4.18562 -1.83041 
-4.12701 5.84836 -7.77533 
-1.15401 -7.31467 -6.98355 
4.28242 -0.209472 0.335064 
-5.38233 6.44189 7.47529 
6.6728 2.32306 -3.72522 
-5.0139 -5.56292 6.53012 
-3.18517 0.54129 3.72613 
4.38763 -6.19031 -1.77218 
-5.96626 -1.80375 7.53371 
-5.37405 -0.885979 -3.76869 
3.85917 -6.33028 2.08986 
0.31975 7.87031 6.73338 
6.02339 7.29831 -6.01156 
0.425589 4.97685 -2.52773 
-7.40597 2.4885 -5.84791 
3.07438 5.05229 -1.59106 
