-1.94426 -7.67636 -2.08001 
-7.69187 -2.04121 -7.10676 
-4.83914 7.84065 -7.25238 
-3.4112 7.88614 -5.8012 
7.21062 4.11919 -5.72799 
-0.891803 -7.10697 7.45087 
7.45294 -4.15568 -1.80195 
-4.98895 -6.81651 -6.05256 
-0.808373 -2.1816 -0.8663 
-7.80267 6.43202 -4.78188 
-5.36728 7.59273 1.50791 
7.02718 -4.47335 0.461208 
5.28741 -7.62873 1.95259 
-5.9797 -4.05245 5.99615 
4.59595 -7.283 -3.66235 
-5.44994 -1.4931 2.05623 
6.91188 -5.04418 7.83433 
-6.75036 5.2603 -6.48287 
5.39051 1.79392 -2.21338 
-3.63208 -1.12597 -6.34094 
6.45932 -6.96866 5.93857 
-1.16179 -7.61269 -2.35651 
4.33692 2.10875 -6.95161 
-7.72283 -3.99536 3.37188 
-3.75468 7.85661 -1.61728 
7.90474 -1.64127 -6.32027 
-0.306238 -2.42843 5.89982 
-5.38347 -6.61192 6.92816 
-0.849063 5.69057 -6.28638 
-7.03802 7.9537 -0.837228 
7.94913 5.81531 7.64317 
3.95066 -6.39692 -3.59169 
-4.471 3.53071 -3.96946 
-3.5501 5.18525 -6.79457 
-4.80578 -0.317609 0.26923 
-0.151585 -6.901 -1.14255 
3.50115 -0.496244 0.272327 
6.58232 -0.7836 -5.57845 
4.71553 -0.277975 5.78393 
6.58435 0.326226 0.0101691 
-2.10679 1.00334 4.6755 
-2.10632 -2.08957 4.33361 
-2.40872 -2.72708 -3.88514 
-3.087 4.48964 7.19685 
-7.12501 -7.11521 4.5444 
-4.99395 4.87309 -2.01027 
-2.04761 5.9512 -3.6727 
3.70873 -4.61098 2.78037 
-7.51453 2.92595 3.85927 
5.65928 3.04484 -3.07719 
