0.667597 -2.81602 -3.51214 
3.48566 -6.15782 1.31461 
-4.53061 -3.91279 -7.88763 
4.95225 -6.19661 -4.53509 
-7.09085 -1.20731 7.10628 
-0.519389 2.85552 -6.57247 
0.0665372 -5.96413 -2.05124 
5.61424 2.58235 -4.21044 
5.1769 5.51843 -2.31933 
2.8271 4.16126 -6.21843 
4.88879 1.3166 -0.133608 
6.90052 3.79764 3.83885 
-4.686 1.56007 7.20355 
-2.13982 -4.18057 -0.322541 
2.62271 4.69528 1.52544 
4.62479 4.64842 -5.55506 
-1.20058 -7.2519 5.7587 
-5.28297 -4.88204 -3.09206 
-2.62136 -7.86918 3.76631 
3.42302 -4.1207 -6.38573 
-2.14872 -6.20829 2.94677 
3.58737 -7.24884 -5.38755 
-0.4648 -2.26986 4.68245 
0.204112 -5.4969 -7.33775 
-4.31103 -6.22745 -6.78974 
6.01121 0.497282 6.8799 
0.293387 1.15623 -2.93473 
4.88231 6.06628 -2.93587 
-3.42075 -0.182667 -1.17401 
-0.399328 -7.01437 3.36567 
2.12626 3.02209 5.6851 
7.60227 -4.99379 -0.181067 
-6.51192 -2.13427 0.53241 
-0.555321 -4.55511 5.59259 
-5.85655 5.59073 3.94591 
-2.67489 2.50849 -3.64894 
-4.2238 -7.63861 -0.990933 
0.219225 -4.36807 -6.2789 
-3.45711 -3.73081 -6.34034 
-0.741956 2.80841 -5.06555 
3.9568 5.42446 -3.12101 
3.61772 -5.41686 -4.76183 
2.23628 4.52454 7.69998 
1.15248 -4.96144 2.04525 
4.73997 7.88522 -5.95976 
0.405369 -2.78161 -1.15297 
1.94415 -7.51026 1.4076 
-4.71146 1.91716 -1.51148 
7.22636 6.30651 -2.95963 
-7.74713 5.13002 3.57219 
