-7.89058 -7.65646 2.78044 
-4.74298 4.26253 -5.0273 
-2.42481 -5.2328 2.94384 
2.4616 -3.49868 -0.495388 
-1.36221 7.7713 3.78181 
5.01093 -0.446551 0.856473 
7.92742 5.34477 -1.51881 
-0.733112 -4.8393 -5.40566 
7.01355 -4.08538 -4.39836 
3.52792 -7.65101 -0.531108 
4.48458 -1.89678 3.1088 
0.781296 -5.66067 4.4007 
5.02658 -2.39383 -0.726478 
-0.77421 -5.27193 2.69335 
6.50725 -0.225715 4.62892 
-7.81847 -6.11951 -4.90721 
1.69485 -0.317028 7.15915 
-6.47867 4.68502 -7.58123 
5.27547 -3.31633 0.146528 
-0.431131 2.35687 -1.77555 
5.85056 -5.05697 -4.38128 
-5.45014 -6.0501 -4.31282 
-0.996347 -3.06868 5.43266 
2.60313 -3.74913 -7.48626 
6.21668 -2.02018 6.49896 
-6.86721 1.28496 2.16967 
6.22343 4.04788 6.26482 
0.0766471 -0.398581 -1.36005 
3.06595 -4.13364 -7.87984 
-6.43472 -7.87647 1.87647 
0.835226 -4.33058 -6.85151 
-2.60053 4.12279 -6.85648 
-7.8705 4.55977 -6.26824 
-4.08027 3.88688 4.25595 
-7.63809 7.13692 -7.75071 
5.87623 1.87697 0.322351 
3.66958 -3.39634 -6.2991 
-0.62421 -5.21785 6.5467 
-3.95002 2.18251 1.40354 
-7.52278 3.49282 -3.31631 
-1.04798 -4.48708 0.468727 
-6.35269 6.23156 -0.962751 
-2.90718 2.70936 5.29487 
0.611362 -3.83032 4.56441 
-7.58295 6.84764 -0.899744 
4.53593 -4.21155 -7.66803 
0.146596 4.24357 -3.08796 
-6.76361 -5.11847 2.75253 
-7.7085 -6.823 -7.32843 
7.20372 -6.56002 -6.59901 
