-6.34647 1.86668 2.71986 
-2.41141 1.91163 5.69609 
-3.07202 -6.06969 6.21006 
-3.55522 -4.97368 -5.48946 
2.48984 4.76976 0.477144 
-4.94554 3.90098 7.4745 
-0.827341 -2.80366 -6.21598 
-1.41348 -0.557654 7.43703 
-5.15538 -4.44268 -0.245176 
-0.863987 6.08765 -2.83403 
2.74784 -1.00896 7.6004 
7.12639 -5.57012 -1.53668 
6.32788 4.70654 -2.3673 
7.13124 -2.27191 7.85515 
-1.15362 7.61896 5.50799 
-2.88701 2.84127 4.64783 
6.61968 -5.56596 -0.655444 
-4.07051 -1.87366 -3.82725 
5.80864 0.858742 -1.41104 
0.557723 2.93305 1.17265 
-6.23912 2.24215 -6.88142 
2.93173 -5.64984 7.25427 
1.46423 -4.75297 -1.09826 
-3.07227 2.03251 1.23554 
-5.5769 3.47629 6.78002 
7.09294 6.56749 0.447215 
-0.148569 -1.03272 4.89691 
1.14471 -5.28416 6.34 
3.99907 3.26337 -2.58644 
-4.59553 -6.22112 3.86116 
-5.71345 -6.87841 -0.92493 
-1.13563 -2.44408 2.4484 
-2.84189 5.9722 -6.97586 
1.34767 1.9183 0.0720964 
-7.43915 7.9292 -4.23152 
3.26941 0.656123 6.32223 
-1.72801 -3.07575 2.53526 
-7.12727 -7.9351 0.619106 
-0.975704 -5.5723 0.121535 
2.2515 -0.569666 -6.46371 
1.94391 6.79263 -3.61766 
2.77477 5.32088 -6.12615 
-5.75781 1.27493 -1.12752 
-0.577217 -3.68484 0.861346 
3.74336 5.40816 -2.79345 
0.861027 -1.42797 -0.673186 
4.44958 2.02421 1.96816 
-2.2325 -4.35683 1.95138 
-2.62952 -5.79346 -2.95526 
4.17118 -3.30683 4.16549 
