-1.26481 7.02938 7.49178 
-1.69426 7.38168 -5.20204 
2.04705 -6.4006 -5.42846 
1.87507 5.75887 7.58778 
3.67894 2.21049 1.20251 
-2.76501 -3.78886 0.120611 
7.83362 5.83643 -2.80289 
-2.68555 -1.35658 3.07819 
3.4776 2.65431 5.58983 
5.6184 1.49435 -0.644807 
-2.85569 4.64623 5.91091 
-2.62383 3.75695 -2.07925 
4.41293 0.542035 -7.65952 
-5.34267 5.20544 -2.66094 
2.28794 -3.75774 -3.54756 
1.47856 -5.68148 7.78098 
2.02391 4.58014 7.22296 
7.66979 -1.40865 -5.33721 
-1.56595 -0.60132 7.5066 
-5.98851 -3.10999 7.12977 
5.37138 2.76209 5.8272 
-5.88107 -4.72663 7.70003 
-4.90208 -3.53548 -2.84506 
-4.56962 4.24952 1.75192 
2.99525 -4.03761 -7.60868 
-2.26944 6.63365 -7.96183 
3.66175 1.70664 -6.29582 
5.27807 -4.55875 6.37758 
3.72589 5.36211 0.153777 
-5.21365 2.50322 -3.76502 
-3.03359 5.41057 4.9723 
5.36493 -7.36012 6.38678 
4.90644 -2.53001 -6.65095 
-4.26086 -2.82046 4.63058 
7.34506 -2.80296 2.13355 
2.71283 6.70762 -1.47315 
-5.7324 -2.4226 1.39594 
-4.11722 2.3418 4.63424 
-6.98904 3.91176 -7.90258 
-7.27609 -7.38895 -7.90391 
-2.92973 7.1872 -5.80942 
-3.93769 1.92058 -3.45225 
-3.99449 2.45965 -4.24431 
-2.2257 -2.5258 6.60936 
6.02544 -7.48991 0.416526 
7.53057 7.06071 3.48283 
5.76345 -5.90582 2.10988 
-6.81064 -6.03794 -5.25285 
-3.89752 -5.24494 4.01622 
-5.35328 4.20543 -4.00144 
