-5.36261 7.59479 1.89778 
4.81931 -4.26232 -0.0102928 
2.26345 -6.35099 -4.61795 
2.85787 -0.514963 3.49994 
7.53867 -3.5577 -5.84419 
2.66711 -2.11339 -2.69116 
2.77884 -5.95142 2.62097 
-1.09281 4.73369 2.21811 
7.88539 -6.66062 1.81347 
0.648409 -5.91895 -7.03613 
-2.53309 -3.2732 -5.86292 
7.45155 5.93782 -0.0924467 
-4.23145 -1.88507 4.27385 
6.22338 -4.16716 2.69956 
-7.48845 -7.14077 7.54995 
-4.92608 -7.71256 4.92826 
-3.29382 5.61453 4.38822 
7.05377 4.35058 1.03784 
5.8539 -5.17294 -1.99957 
2.27335 -1.75576 1.4779 
0.593248 -3.98098 -2.16382 
1.59755 -7.77062 -0.879679 
7.60911 -3.35313 -1.2753 
-1.66584 7.68778 -2.32738 
-5.9242 -1.49972 7.79918 
7.73883 -0.465664 7.12618 
3.3437 -4.21431 -7.87091 
-7.37692 -7.12088 -2.49853 
7.71716 1.61933 3.15142 
-6.47125 -0.904586 -7.01722 
6.83957 -2.37777 -2.25171 
0.400742 4.40052 1.6005 
-6.57321 -3.66728 1.47969 
2.14971 3.39984 -0.207527 
1.12761 -5.98268 1.80549 
-7.3893 4.07599 6.89841 
2.77554 -0.870797 7.55613 
0.437093 -3.26757 -5.92394 
-7.92023 -2.94021 4.58622 
-3.37671 3.29961 2.60057 
-2.89679 -3.68342 7.82349 
7.04127 -2.04323 -5.13495 
-3.15268 -1.13041 -3.37328 
4.33319 2.28502 -2.13846 
2.39932 -4.00018 -1.62903 
1.45848 -7.81479 3.03762 
1.95696 4.2126 -4.79575 
-7.44095 -0.688811 0.670115 
-4.77066 -5.58343 1.34956 
7.42837 -5.61081 7.0311 
