-0.320782 -1.225 -4.03226 
-1.83552 3.09143 2.19844 
1.89829 1.44699 -2.39993 
0.158108 -4.48503 -1.43263 
-0.642658 -2.9086 -4.74915 
1.20818 3.82138 -5.47484 
-4.6081 1.44811 0.720491 
4.23458 -0.0983643 3.2926 
-6.60706 5.92742 4.19044 
6.60606 7.1136 -7.21417 
-3.80264 4.56077 -1.9807 
-0.344751 4.283 3.37381 
-3.34406 5.15781 -6.72744 
5.66492 7.99329 6.77404 
-7.76483 5.025 -6.63429 
5.776 2.74953 4.93966 
6.07777 3.06026 2.22938 
-5.25112 7.19805 -2.47157 
5.23157 5.85641 -7.51351 
7.17262 -0.0327171 3.03069 
2.6994 0.603543 -2.7983 
5.1708 -5.54497 -7.21577 
-2.19949 -5.7198 -6.27673 
5.78968 0.60972 4.53397 
-5.74965 -4.41497 -2.30227 
-6.25495 -4.37736 1.95743 
-6.96913 0.850871 -6.01808 
-2.70454 0.430436 7.5528 
-1.92147 -7.57904 4.39179 
1.08597 -5.24938 3.35936 
-4.08098 -3.74858 -1.23582 
0.280282 6.87987 -2.45395 
3.22281 -5.99759 4.83223 
-3.1097 3.74623 6.37726 
1.81738 -2.62913 1.9651 
5.36413 -6.42445 7.46513 
-0.665445 -2.36754 7.03129 
7.90413 4.81582 -7.70998 
5.89486 -7.10355 4.62438 
-6.18616 -3.35897 5.77211 
6.95178 -5.83398 -2.42094 
-7.14718 1.3987 -3.87038 
4.43819 6.69447 -6.30908 
-0.492823 -3.43082 -5.88802 
7.02272 -0.616758 -7.48245 
-2.66017 2.32359 7.4181 
-1.71393 -7.85896 0.803807 
-4.62372 1.98638 1.02745 
1.67883 4.53363 3.65183 
1.81587 -7.32249 0.999996 
