-4.45868 3.07313 -6.74482 
-0.223476 -2.17832 -2.63208 
-0.28988 -5.60829 -1.10995 
7.55392 5.81045 1.89387 
-4.79345 2.49576 4.33377 
6.3412 5.4827 -1.537 
5.33793 -7.91628 4.828 
3.03389 3.20178 3.95505 
5.55536 4.8944 0.653129 
-6.47028 5.79381 4.31548 
-6.88645 3.24486 -6.15275 
-0.346803 5.27643 4.43084 
5.67031 -3.72575 4.61688 
3.0398 4.37593 3.76317 
6.14639 7.11654 5.03948 
-6.62404 7.75056 5.02143 
3.78627 -7.76805 -1.02387 
-4.29777 5.97289 -0.825135 
-2.69867 -6.25466 -1.18911 
-0.956594 -1.6836 2.69564 
-7.89848 3.58558 -0.722931 
-3.65961 2.1118 -2.08228 
-5.33955 0.610359 -5.8563 
-3.72396 -6.01644 7.9776 
-0.414665 -5.41857 7.72283 
-2.16952 6.62259 -5.05794 
-5.21429 3.20252 -5.48235 
4.5682 0.959707 -7.80492 
3.03709 -2.55449 6.79728 
2.48153 -7.01264 -2.88601 
-0.228234 -6.40643 -0.560453 
-6.60929 7.6731 -0.234388 
4.92839 6.86186 -1.15144 
2.13864 3.34991 4.38157 
-7.63785 -1.5294 5.33578 
-0.514455 -7.28746 -1.67456 
-4.15079 6.84709 0.0257923 
6.87042 -0.471111 1.77558 
4.36597 -3.31037 1.807 
2.35973 -0.427604 -3.6597 
-0.881419 -6.8987 -3.74753 
-3.84308 3.9674 -5.08689 
-5.19303 -6.5035 6.27876 
5.18847 7.84273 -6.66617 
5.79097 -3.96003 6.9892 
-2.33913 -7.80621 -0.339506 
3.44028 4.52777 6.14986 
0.78549 3.44007 -0.800814 
-5.18429 -1.8585 7.93954 
6.11171 -1.20902 6.73263 
