2.96281 -6.42291 -7.07198 
5.74249 7.16914 -7.23995 
2.05405 2.93949 2.52137 
2.21557 3.25373 -1.26472 
2.14927 -7.90134 -6.78605 
-2.9928 7.29789 4.89163 
7.61472 1.01973 1.216 
6.46076 -6.12781 -7.99233 
-6.18369 1.12012 0.608876 
-7.84279 4.85754 -7.63202 
4.53401 -0.71723 -5.95635 
-6.43509 7.91056 4.11265 
-5.02778 -3.92789 3.42113 
-0.316472 3.43045 0.288692 
4.53711 1.91839 -4.53766 
6.54169 -6.65262 -5.35421 
3.6333 2.89904 5.31349 
-6.72581 6.80505 -3.6361 
-0.553231 0.342819 -7.76407 
-3.04007 -7.33649 4.40456 
-7.87981 -4.08712 6.92194 
-4.0432 2.84394 0.863599 
4.77471 3.93947 2.75666 
-0.305508 -7.55825 -3.45209 
0.179944 -4.7774 -1.37228 
0.932553 2.8581 3.92671 
-1.23521 -0.228346 -7.79125 
0.913891 -1.11859 -4.7144 
-4.34612 1.50017 -2.64164 
-0.672425 0.407662 6.45863 
-6.47897 6.09853 7.67503 
6.88161 0.0405152 -1.36361 
5.38872 -3.2565 5.62511 
6.78723 4.83688 4.414 
3.04081 -2.06736 4.88477 
-3.0815 -5.99733 -3.40403 
-3.10283 3.10556 1.79187 
-4.43114 -6.87083 -2.58686 
-2.09378 -4.2485 -5.85042 
-2.46437 -0.761638 4.40548 
-0.974006 1.1128 7.40754 
-5.364 1.64884 1.80647 
0.500631 7.87974 7.23426 
-6.5616 5.74258 -3.09704 
-5.46853 2.23763 6.20478 
7.5364 4.97453 3.56072 
-3.52528 6.52443 -7.14682 
-2.42969 -0.146447 -1.07369 
-2.08024 -7.13438 2.70774 
0.687484 -0.987479 4.09809 
