5.63763 7.32127 -6.4784 
2.57118 5.75237 -2.17486 
-5.28756 -1.57128 -6.84625 
1.4762 7.72808 1.62058 
0.405656 5.04405 -1.6434 
4.1237 -1.43573 0.336202 
-1.91565 -0.721023 -1.27255 
-7.44607 -4.32206 -2.7166 
4.02069 0.560107 1.13608 
5.10843 2.81003 -4.49982 
1.97309 0.854295 -2.52691 
-3.53326 2.19378 3.89166 
-7.77586 2.22748 1.35597 
6.2115 -6.63513 -6.70479 
7.13559 -7.61625 -3.76092 
1.96482 -1.13497 -4.51776 
1.78622 1.76113 -3.66876 
-2.1952 6.86889 1.65182 
-1.73508 1.25496 1.20368 
-7.52791 5.24755 5.47544 
-2.07714 -1.47449 -6.92305 
-5.17147 4.33425 -6.45865 
-1.01665 7.16432 7.20637 
5.48748 3.9333 6.13992 
0.999902 -7.90222 -1.10582 
0.850063 -7.56457 4.24299 
-4.50402 5.27488 -5.11296 
-0.950123 -4.56868 3.86194 
-7.0365 -7.78287 7.83817 
-3.17728 -1.52698 -3.17452 
-5.093 4.1434 5.54936 
2.29535 -7.81206 -5.05778 
0.851146 -6.80239 0.0660043 
6.15141 0.730168 -1.65126 
1.17242 -4.337 7.70561 
4.48057 2.0085 4.58793 
6.42085 1.27334 5.53876 
5.05155 -6.28987 1.9594 
1.99165 -6.24209 4.41156 
-2.87105 2.74911 -4.90258 
-6.38835 3.8631 -7.83839 
-3.07701 -6.29005 -0.199896 
5.52434 -2.9722 0.84955 
3.75184 -4.63737 -7.30821 
1.44832 -1.6088 -3.77868 
0.77899 4.31254 1.20501 
-6.07654 -5.07758 -7.19522 
2.61897 4.41994 -2.90221 
6.28543 0.273836 -5.00813 
4.75878 3.28965 1.00474 
