-7.78894 7.31812 -5.8479 
-1.25653 0.675318 -0.652946 
3.75978 -4.00621 -6.51729 
6.56575 -4.07028 1.93565 
-4.75009 1.31034 -7.49465 
1.92736 -1.00256 -2.51966 
-6.39147 2.78144 5.06183 
2.00397 -5.57768 -2.77581 
1.86068 -1.61145 -5.73024 
3.97543 7.43142 4.05121 
0.811562 -7.6741 3.73036 
7.93932 3.79851 2.77926 
-4.15664 -7.28289 -1.90594 
-0.086408 3.66475 4.53127 
2.59035 -5.35652 3.33868 
-0.403392 -2.46687 1.01742 
-7.71008 -6.39905 -5.97999 
-6.82127 -4.43019 1.42398 
-6.54074 0.281526 1.94961 
-5.59667 3.0574 0.476444 
5.42795 -0.09035 -6.20714 
0.26217 0.854463 0.86029 
-2.44162 -5.29114 3.20892 
-3.94281 2.21749 1.34115 
-3.25794 3.90296 -6.24604 
1.40307 6.82096 -0.19844 
1.17943 3.81715 6.4069 
5.64537 -7.18989 -6.48469 
0.507048 5.97863 -1.43251 
6.13367 7.31987 -1.44534 
-7.12666 7.88736 -3.52563 
7.44807 5.35068 -2.5439 
-6.54743 4.82792 2.74453 
-1.33471 7.22921 0.4074 
-3.15606 -6.87627 -6.82205 
7.07483 3.04055 -6.72249 
3.62138 3.77067 -3.78286 
-5.09876 4.75135 6.83235 
-7.45134 3.71905 7.20466 
7.13756 -3.12739 -7.90351 
-6.15529 -4.26743 4.06269 
1.96511 2.74367 0.482141 
5.9277 6.06473 7.81551 
3.90812 5.99986 -7.85683 
4.09134 -2.47221 -7.13817 
-2.34052 5.16412 -6.33645 
-1.18912 -6.98886 0.191804 
-4.60686 -6.2314 -4.6244 
1.48249 -2.01131 7.17464 
-4.78168 -2.25304 -0.397294 
