3.12523 4.59091 -3.66572 
4.20644 -1.5546 -6.27378 
-1.33929 -6.41793 7.19119 
4.34108 -6.74675 -2.99079 
5.6456 4.49113 7.02771 
-2.93956 -7.57528 -0.752829 
5.81127 5.89642 -3.81192 
4.71999 0.624932 0.206744 
-3.85473 -7.2524 4.43826 
2.30767 3.71098 -3.3545 
4.02632 -0.256156 3.216 
1.68696 1.07199 -5.52151 
-1.50854 -6.1594 -1.93634 
-4.51373 3.34316 -1.82999 
4.33477 3.29448 4.06776 
-6.10009 4.74492 -4.71294 
4.94225 1.53682 3.12467 
0.870627 -6.87755 -3.22291 
-5.43376 -2.80553 6.15642 
-6.45327 2.86003 0.502583 
3.64796 6.80449 -1.39465 
7.70007 3.98538 -4.99154 
4.31448 5.83855 5.31002 
4.75444 -1.85011 5.43223 
-0.517117 7.64314 -3.80212 
0.908527 -5.4494 4.67502 
-6.32242 -7.11243 -2.24657 
-5.82655 -2.66786 4.1654 
7.11675 -0.518668 -7.39183 
-3.31412 -2.98702 1.53776 
1.67128 3.29174 5.26702 
7.30603 3.53677 7.94071 
-5.86219 -5.18551 -0.74221 
-4.27216 -5.48725 -0.847517 
-2.92687 -0.234825 1.69341 
-5.52579 6.23936 1.76759 
5.75364 -4.02922 3.72523 
-1.21016 1.45265 3.7242 
-0.852288 -7.7442 -5.751 
3.14575 0.422731 -3.71189 
-0.775048 7.7462 -7.96844 
3.08695 2.55738 -3.82011 
4.60359 3.54876 -5.52838 
2.60973 2.23216 4.31535 
1.99562 -3.98839 -2.63267 
-2.78161 -7.59788 -5.95668 
6.06029 5.72104 -7.90925 
-3.66857 5.92539 -0.359776 
3.90488 -5.40334 -7.58259 
-7.01682 2.09478 3.19046 
