4.73877 7.72217 -2.4648 
7.57404 2.59875 -2.34566 
3.88254 0.407102 -4.36346 
-5.45663 7.44331 2.38013 
-2.5991 -3.75661 -5.31713 
-0.687885 -3.13072 1.88754 
7.80865 -1.53047 7.53112 
3.94539 -6.61144 -1.18955 
0.968622 5.65425 5.17508 
-2.06777 3.57507 6.19336 
-4.4076 5.43523 2.12043 
-5.86927 1.753 -1.7139 
-4.02888 -0.584587 5.71381 
0.441463 4.95991 -5.07193 
7.9324 -4.85224 1.53434 
-6.28685 4.9853 1.27313 
3.08585 -3.85062 -4.32805 
2.46571 -2.78012 -0.938138 
5.37907 -5.0923 -5.82026 
7.68322 -0.937418 4.3488 
-1.31253 5.0584 3.56113 
1.89495 -1.54061 0.0861301 
2.01535 1.43849 4.18901 
1.88265 -0.337675 2.36477 
1.6486 7.4128 6.02809 
6.25636 -4.13245 5.40849 
0.925766 -7.86238 6.94717 
5.37358 -0.719896 -1.56032 
6.77425 2.78249 -7.26461 
2.29253 -2.75482 6.00866 
3.17483 -2.8504 3.12312 
-1.45843 -4.44504 -6.04886 
-0.428252 -6.86714 -1.16093 
2.96018 -2.93155 -3.85293 
3.07762 6.33067 7.37737 
1.89158 7.78922 -7.02364 
7.33109 -1.89187 -7.18652 
-2.04123 -6.92717 -5.93393 
1.85558 -7.03999 6.24633 
2.31385 2.65325 -1.2858 
1.95008 -3.5765 -1.67549 
-3.53087 -2.79237 6.80293 
4.37158 1.10773 2.70709 
3.73144 2.13705 4.40413 
4.54565 -4.03085 4.15887 
-6.76296 -5.21596 -7.97358 
4.14093 -7.41945 0.520314 
2.52181 -6.69805 5.08006 
7.77449 -7.11001 -7.19712 
-1.66782 -5.47216 6.91036 
