5.30777 -1.04074 -0.941643 
4.29 3.70056 2.05476 
4.46449 0.122837 6.89275 
-1.79123 -1.29002 0.283184 
1.05198 -5.12455 -5.32558 
7.67975 -5.68013 -7.86136 
-5.43926 1.43642 4.02542 
2.03658 -0.60147 -2.37553 
-4.56111 -6.68028 -1.91273 
7.57425 5.07105 -0.546628 
-0.363156 2.19625 -2.14224 
2.35199 -2.0795 6.54371 
-0.27312 4.73644 -0.897759 
-1.06583 -0.947172 0.217319 
-1.6769 7.09841 -1.85936 
7.85948 -2.18828 3.60029 
7.94304 5.16037 -5.85642 
6.81217 3.32778 6.38797 
5.53855 5.137 0.116109 
-7.5269 0.654604 2.965 
-7.53059 -1.48865 -7.54394 
-4.22109 3.19602 0.53248 
7.45917 2.77776 -2.40534 
-3.38097 -5.26003 -7.89446 
3.03044 -2.05023 -0.821939 
-5.32141 -1.67295 -0.848938 
7.79698 0.647745 -1.21441 
4.36311 4.9358 -1.69689 
6.12541 2.35953 -2.86052 
3.149 1.59187 -3.5405 
-6.82199 5.52885 2.08062 
-3.00666 4.74367 -7.67624 
0.176675 5.75415 -7.60132 
2.01125 -0.637905 6.96488 
-6.61974 -0.122319 0.533174 
6.28719 -1.90415 5.47905 
-6.26809 -1.61937 -5.11753 
-4.20714 0.545686 -3.01848 
-0.307512 -2.9677 6.27848 
-7.44039 -4.39759 -0.835605 
4.79941 0.0158479 -5.53395 
-2.29658 -3.66987 -5.86954 
-2.51772 1.26187 1.91254 
-1.53419 6.04677 3.46107 
-7.82142 -6.60987 3.34691 
-4.92277 1.23912 7.81017 
3.04234 -6.38981 2.03728 
2.90784 5.41563 5.03372 
-7.36172 1.99804 -1.09645 
-2.02966 4.52382 7.12068 
