-6.59026 -5.40256 -3.9862 
1.37081 1.74787 -7.32284 
1.85828 4.9498 -6.93056 
4.22223 0.163028 -1.89866 
-0.516676 4.69307 7.96476 
1.50695 -1.45266 -6.85398 
4.26239 0.418797 5.49179 
1.06207 -2.37683 2.5731 
-1.9449 1.86134 -2.21315 
-4.85976 -7.267 6.40403 
-2.1932 6.09675 -5.95776 
4.16799 -7.4073 -2.14588 
6.36844 -5.69053 0.494687 
1.94605 7.71604 -2.12752 
0.425938 7.51196 6.20008 
-0.0184826 2.43608 -3.22731 
-5.73695 -3.48235 3.54018 
-5.24179 -7.45166 -2.30196 
-4.38186 -5.73308 -5.44869 
-4.06825 -4.43343 2.31858 
0.633279 -5.92908 4.59721 
-6.63317 3.09679 -0.0187552 
2.28012 -1.89613 6.07513 
-0.895251 1.4101 -3.81491 
1.66579 -3.20466 -2.36379 
-2.85837 1.08871 -5.29959 
1.85061 -3.62954 -2.74903 
6.14913 -6.74619 0.913783 
-0.529416 2.18755 1.40487 
5.1707 5.5734 7.20362 
0.444269 0.25166 -0.170329 
2.84103 -7.54355 -4.79488 
7.66039 -3.03476 -3.44061 
-1.81229 2.52989 3.97129 
-1.34645 -2.21998 5.88081 
-7.20581 1.3848 7.89782 
-6.03726 -0.266027 -7.64477 
-3.67468 1.11377 -0.864155 
6.29945 -7.42792 -5.43246 
1.93408 6.48319 0.290881 
-3.42507 7.94976 -7.64032 
-1.16677 -0.612235 -6.70462 
-6.76402 4.08515 3.62436 
-7.3826 1.76153 -2.45731 
-1.62827 3.10278 1.60524 
7.88471 1.44025 3.19411 
0.234968 -6.64425 -7.07072 
1.68887 -3.44854 6.73081 
-1.17994 -7.42277 -4.2432 
-7.92175 -5.97467 3.01578 
