4.99801 5.43829 0.378148 
7.2987 -2.77008 -5.05477 
1.42611 7.20263 -2.18741 
-3.66749 0.0889124 -7.12274 
-1.39198 4.1421 4.36777 
-5.97905 1.79194 -5.98258 
7.85959 1.69963 1.64311 
3.47136 -5.60807 -3.47953 
0.273428 0.524432 -0.760044 
1.25978 3.84685 -1.69121 
5.81415 -4.80261 3.67163 
7.33669 -1.75446 -6.01516 
-0.25309 -5.07584 4.01911 
-3.42614 6.79869 2.72423 
3.65462 1.52549 0.923098 
-5.49254 0.967489 -7.45535 
7.50082 -2.28181 6.32429 
2.79623 4.9927 2.031 
0.745348 -7.73194 -6.38255 
2.0123 1.88625 5.61591 
3.22274 0.514548 5.75526 
0.126675 -7.10535 -6.4269 
4.17825 4.40792 4.12036 
4.49111 -2.17843 -4.12194 
3.39158 7.39711 -2.40096 
0.278503 6.94201 6.88721 
-4.44267 3.90741 4.15209 
-4.64036 -1.7809 5.32231 
2.89064 0.39681 -2.60509 
2.49973 -7.6289 -7.19302 
4.89546 4.66797 -0.1461 
-1.28032 0.329023 -0.0598943 
-1.92483 -6.03486 0.215642 
4.25867 -3.20434 -2.27956 
-7.62146 -5.9947 -3.59163 
0.00551131 -4.72569 -1.51328 
-4.39395 6.15326 7.93354 
3.97702 4.21909 7.06789 
-7.3199 3.16877 -5.93036 
5.38269 -1.63769 -0.124095 
7.95492 -7.32806 5.10441 
7.61032 5.71652 -4.90464 
4.89117 2.21812 -7.2421 
2.09516 6.18894 0.351712 
3.66231 -4.31685 -6.29166 
-5.67168 -5.55217 -0.897881 
-3.75546 -7.54276 -3.21329 
-0.57503 2.44734 -4.50705 
-0.0886766 -7.96653 5.59594 
-4.0069 -0.891816 0.612602 
