7.23792 3.86574 7.9248 
-6.30175 5.01889 4.68368 
-0.901528 -6.10345 1.7711 
-1.25896 7.84439 -2.15254 
4.36031 -5.11447 -0.61141 
-5.46992 1.48565 -6.71548 
3.1103 -7.74675 -1.40074 
5.22772 1.46457 -1.5651 
3.4324 -6.30309 0.88211 
-0.0504928 -7.71809 3.1809 
7.05856 2.7398 -2.28678 
3.62553 1.29847 -0.594075 
-6.78338 0.881891 -2.02289 
-0.332323 0.942604 3.65691 
4.22683 -6.6654 3.20275 
6.49595 -1.5805 -7.00886 
-7.25091 -3.20445 -5.492 
-3.4492 7.18527 -0.817451 
-7.42923 -1.99664 6.07994 
0.561109 -0.466735 6.07843 
0.336896 2.36293 -5.7418 
-7.16026 5.41077 -5.68549 
0.395861 0.325113 0.457672 
-2.79361 -3.53588 -0.638407 
-3.36276 -3.22548 3.35541 
-3.93839 -2.42014 -6.19305 
3.67034 -6.6333 7.12074 
3.22785 6.38888 2.79525 
-3.51439 -4.40797 0.0357395 
-4.11628 1.35064 0.26002 
4.94412 -5.80256 -2.86005 
5.5672 -4.59582 3.12313 
0.386744 5.15333 5.20266 
-0.962004 2.1524 -5.14633 
-6.56749 -1.04816 3.99801 
2.40487 1.20591 7.66024 
5.78503 -2.35379 -4.39925 
7.77347 6.63558 1.27583 
4.97866 0.797642 6.30244 
-7.17827 6.42129 5.05034 
-6.87973 -6.16152 5.45622 
5.00799 4.99926 0.878291 
7.8177 -7.77862 -3.78299 
6.5282 5.42663 7.43676 
-3.87711 -0.147206 -7.15342 
-5.59349 1.48071 -5.97653 
-7.57105 -3.36808 5.8451 
-3.18349 4.72838 -6.14408 
5.86819 -6.81002 -0.897004 
5.55117 -4.93301 -3.40871 
