0.709279 -3.66606 -1.17126 
6.44953 5.55445 0.47356 
-0.773578 -0.39767 0.330502 
-7.17187 6.48842 7.70333 
-3.09905 -6.3299 -6.07156 
0.571224 1.48001 6.60752 
6.07692 4.10386 7.79615 
4.73457 1.80703 -5.51143 
-0.128557 1.7166 5.87164 
3.67485 -2.13862 -0.446146 
1.82416 3.11352 0.362778 
1.20525 2.91281 -4.26566 
7.70833 5.54615 -5.50019 
0.219202 7.05609 1.40424 
3.12133 -3.82344 -5.13822 
-2.75178 -7.97509 4.11814 
-2.01587 3.29227 0.432617 
6.59836 -3.63266 -2.703 
4.09561 5.36124 1.24532 
6.57264 -0.494186 5.48121 
-0.105765 0.0371504 3.71736 
-4.44443 3.24876 -2.21996 
-5.15146 5.32049 -1.97254 
1.98338 3.38878 0.989564 
-1.32576 -0.982937 7.16859 
-4.44346 4.02683 4.23282 
6.05919 3.635 5.60793 
-7.90982 -1.27724 1.9641 
-5.26916 -1.8399 -7.42421 
1.16426 2.2864 5.75782 
5.99771 3.89186 -7.39073 
-7.02135 4.45321 0.328774 
-4.35378 0.297946 -1.49374 
4.59367 0.934511 1.03385 
-0.514348 2.69533 -7.30699 
3.87208 0.661354 5.54406 
2.55942 6.89714 -1.37385 
-4.58736 -6.06131 6.00544 
-1.79587 6.04881 -4.99634 
-3.50883 -7.25363 5.14207 
-7.17983 2.4104 -5.17946 
7.91842 -0.192264 -7.10327 
3.40739 1.78552 -3.79828 
1.59897 -5.54267 -2.78572 
5.94505 -3.7455 6.10898 
-1.07976 5.51711 7.70133 
-7.04488 0.867298 6.2266 
-0.771547 0.172128 1.96006 
7.91914 -3.58397 5.004 
7.40093 7.52089 7.39308 
