-3.34387 -4.39668 6.31368 
-4.65951 -7.42753 -5.72261 
5.65643 5.84935 3.73335 
1.62797 -0.465597 2.21373 
-0.563191 -6.20605 3.27228 
1.56098 2.71903 5.93848 
4.3666 5.8853 -4.41322 
3.80575 -7.77209 5.47025 
7.1898 1.03338 0.0537975 
7.5778 1.54199 -6.14788 
-4.78741 -1.27487 7.25601 
7.97387 -5.83158 -0.343737 
7.88376 2.34144 -1.76441 
-4.60936 1.32499 1.49605 
3.41343 1.35502 4.53285 
-7.71881 -4.58002 -5.09687 
-2.99894 0.569173 3.91259 
4.88558 -5.03632 -3.02117 
-1.0394 7.46936 2.78135 
-2.72419 -1.76355 -4.19244 
-5.5368 0.404129 6.49391 
5.08759 6.61223 -5.26929 
0.00887604 5.06497 -1.90531 
-7.8762 0.224134 -2.84473 
-4.38126 7.42963 -1.91943 
6.95196 -4.25723 0.457948 
-2.43418 -7.88356 -7.0261 
-3.10912 4.80096 -6.88769 
0.914991 -1.28568 0.837834 
-0.0894704 -3.51018 3.18618 
2.62053 4.24179 -4.08479 
-7.72814 3.0852 -7.10496 
5.81262 3.28864 3.55776 
6.0973 -0.798644 7.69082 
6.09494 0.547854 1.07151 
5.00913 -7.91334 -7.52602 
6.01133 -4.44669 -1.70507 
7.29825 -7.49732 7.3747 
3.48299 -1.70549 -1.43626 
3.97065 -3.92432 1.76489 
-0.290212 7.91574 -4.40839 
7.46278 0.524412 6.7351 
-1.28643 -7.4244 6.87879 
-6.17992 6.97691 -3.45514 
-3.2988 -6.66294 7.86641 
3.58393 -3.71343 3.46475 
6.46944 0.121646 -1.73016 
4.18401 3.70761 7.13875 
-2.5204 -4.22965 -5.09452 
-0.646517 -4.63276 -2.0073 
