-6.90116 -7.4108 -3.69896 
-7.18149 1.14879 -5.62669 
1.17952 -5.41496 -2.5789 
-3.98098 4.66903 4.78098 
4.55422 -1.43048 -0.110392 
2.44633 6.47237 -7.87198 
-2.236 0.898503 -0.378173 
6.35172 -0.406934 -1.84063 
-2.70909 0.49055 -2.88343 
5.12084 -2.39138 -7.13977 
-5.87492 -7.21057 -2.72884 
-6.03232 5.26687 -3.82054 
7.71301 -0.488584 -1.92091 
7.38114 2.48568 -5.16051 
-1.39288 0.322086 7.38618 
1.30277 -4.09719 -5.58069 
6.76558 7.37188 4.68519 
7.36807 7.12317 0.958956 
0.704696 1.44253 -6.48756 
-0.293781 -6.06983 -7.89372 
-7.18784 0.150501 7.45114 
1.77034 6.42111 -7.35358 
1.59434 -1.92431 -1.03611 
2.94347 -1.5449 7.14902 
-2.9224 -7.36195 -7.05494 
-3.22262 7.17032 5.29737 
1.15774 3.45266 6.01518 
-6.17313 -7.56961 -1.61266 
6.53387 -4.25446 6.12519 
3.74905 0.801449 3.48399 
-0.0902028 -7.7378 2.09681 
-6.14201 6.37786 7.61854 
2.00786 -3.95938 -2.89787 
2.99265 0.636161 4.7591 
-2.66491 -5.13275 -5.55414 
-1.629 2.96673 -3.59887 
-6.80059 -2.64909 2.42524 
4.97954 -1.76268 -0.0858565 
0.828668 -6.77274 5.90033 
-3.04992 1.13151 -6.48804 
1.99348 -6.60137 4.2364 
7.20345 7.14351 4.68646 
-6.79435 -6.57293 -6.82124 
2.09015 -2.52241 -0.683978 
6.03855 2.26951 6.5955 
0.430869 -4.2842 6.69317 
3.40582 6.52146 3.98612 
5.94472 -7.60658 4.92269 
-5.66475 4.63585 -1.51572 
3.82327 6.37306 -4.47865 
