3.71971 -7.89944 -2.03477 
-5.13174 6.87294 -6.40617 
5.9188 0.146342 -0.0298888 
1.72895 0.422405 5.33935 
3.19611 6.80868 -7.74993 
-5.19159 -0.738483 4.19657 
-4.9816 3.97586 5.63765 
-6.84685 -1.94733 3.34772 
7.58786 -7.27871 3.73815 
7.49849 -4.85157 1.91135 
1.08911 -6.12957 1.25492 
-0.416895 -3.27453 1.0747 
-4.43699 1.26792 0.147412 
2.34525 3.74972 -2.177 
7.90266 1.13033 -5.39537 
5.12475 4.96403 7.53451 
-4.33566 -3.8137 -1.03813 
-1.62158 -6.94918 -4.56817 
2.57431 -4.32118 4.97878 
-2.93013 -0.407347 -2.21199 
-6.97649 -0.986089 -2.66985 
-3.20091 1.99196 -7.32415 
-0.0173247 -6.5164 -0.428166 
2.10591 -1.97339 5.31487 
-7.77786 7.50676 4.58197 
2.52364 -6.93279 5.68976 
-1.83447 6.17916 -4.53304 
6.1058 2.29412 6.36838 
-7.76099 -3.93371 -4.77899 
7.91853 3.40968 7.75573 
3.64994 -2.10225 -4.36849 
2.03735 6.28125 1.45247 
-6.81958 -3.7618 -1.39637 
-4.59582 1.85958 6.98285 
-0.925406 3.99096 3.37739 
-0.0429096 -0.447255 1.14599 
-1.34323 7.6993 -5.51114 
0.0234453 2.89157 -5.94896 
1.06518 0.604116 3.67766 
-4.51034 -5.71603 -7.37013 
-1.57538 -6.40278 4.08112 
3.76037 -3.34343 0.857573 
7.278 1.85122 -2.18246 
-5.49672 3.67659 -5.40342 
-7.7596 -3.25246 -3.62179 
-5.12909 4.66295 6.24679 
-5.49795 2.02961 1.3588 
0.610382 4.30182 6.29929 
-2.58822 5.49119 3.04273 
-0.632808 2.90794 -1.78445 
