-3.48029 -3.07334 7.34243 
1.6907 -1.86183 -4.27442 
-4.62272 4.13304 -5.58085 
3.75995 -3.09664 -2.91118 
5.90864 2.81328 -5.70202 
-4.87491 1.79235 -6.72666 
-1.16122 -3.57158 -0.494968 
6.54743 -1.88998 7.78194 
-1.3507 4.52472 1.81535 
-5.57809 6.61415 -6.78771 
-7.8481 -4.70704 2.45278 
-0.523195 4.42334 1.81742 
-1.39937 7.72944 -7.82192 
-2.68696 -6.38397 2.66826 
0.901871 -3.96298 0.574898 
1.08131 7.24657 6.23058 
-0.379544 -6.58304 2.05033 
-7.08274 -3.04798 1.3169 
0.0980446 7.41429 6.5568 
-0.77852 -4.07611 -6.27162 
-2.66488 -4.65272 4.14222 
0.431885 -2.92608 -1.04564 
2.0989 -2.56126 -7.36683 
4.35591 6.22953 -6.73786 
-2.38726 -5.38468 -2.66775 
7.58307 -3.73548 -6.75842 
0.0149889 2.81129 2.78673 
5.09622 -6.65009 -7.45986 
-2.79482 5.54823 -5.48968 
0.860024 6.37003 2.32224 
-3.52909 -0.906215 4.34627 
-6.93333 7.15317 5.63361 
-2.94919 -0.914469 0.91838 
-0.637871 -3.88194 5.63002 
-4.74733 5.44387 6.7015 
7.0291 3.01939 -6.46671 
6.30743 -7.2684 -2.60909 
1.56102 0.400432 -4.28192 
-2.84514 -4.22093 4.01955 
2.58072 5.48573 -5.24098 
2.86869 4.58425 -5.36219 
-0.881646 -3.34761 -3.93563 
5.49043 2.32948 0.230278 
-4.47998 -2.66278 3.30856 
0.579716 -3.30871 -7.32188 
-0.977361 -3.03741 -3.58655 
3.6405 -4.98294 3.58881 
-4.18657 1.59208 4.02509 
7.27995 -1.22641 -7.18719 
-6.32252 1.70983 0.313918 
