-0.799232 -2.80118 -7.83821 
4.60207 2.62752 1.53245 
3.788 1.11083 -2.42009 
0.526208 0.817079 -3.01174 
-6.86208 -4.36214 7.72817 
0.337637 3.32513 -2.70387 
3.64521 -4.24179 -1.06951 
4.08214 -0.330769 -1.87475 
-7.19752 4.00021 0.215964 
1.99958 -5.75123 -1.64094 
-5.68545 6.44429 4.00346 
-3.64626 6.52026 -3.08485 
-6.40898 -0.066926 -1.19289 
3.20525 -1.91049 7.29854 
-1.3325 0.870586 -4.71451 
-3.67208 3.59692 6.71033 
4.27516 0.71531 -3.09519 
-4.52011 -4.67347 7.13745 
7.12852 -5.59743 -6.99642 
2.33912 -3.37414 5.08369 
4.48113 -7.37463 2.6232 
-7.35334 3.12999 -6.01031 
-2.76379 -6.04163 -0.726234 
7.43174 -0.279864 -4.71445 
-1.78946 -5.98421 2.05377 
7.69915 7.54023 -4.7161 
3.58307 -0.446183 -2.71089 
5.2679 4.74142 4.1903 
0.614817 -2.30332 -2.36507 
4.41297 1.08408 6.73285 
7.56089 -3.38124 -2.14058 
-0.618262 2.22332 -6.38309 
6.0652 0.407524 2.33894 
6.04021 7.84923 -0.0676309 
2.32877 0.673792 -5.94997 
-7.31594 1.51916 -1.04377 
-6.133 -5.05262 3.49785 
6.27389 -0.357121 -5.23792 
-4.6346 6.53063 -0.0103651 
-5.66654 -0.995943 2.13808 
1.63929 -7.63733 4.91517 
0.853883 5.83417 0.944092 
-4.83972 -0.734835 -6.28493 
-6.176 2.72762 -3.2873 
6.81933 3.64374 7.90513 
6.70137 -7.24709 1.35531 
1.01236 -7.48521 6.92477 
-3.04616 -7.17291 -6.71551 
1.47663 -2.75763 5.14728 
1.91033 -3.46547 -4.85711 
