4.81034 -7.55526 4.96545 
5.4226 4.29911 6.14523 
4.5875 4.32182 0.508205 
1.57687 -6.48866 -1.61611 
-4.55129 7.01781 4.6634 
-6.80013 6.80854 5.85422 
7.75895 -7.22481 3.11198 
2.23624 -7.06774 -6.83163 
-6.14708 4.84919 -2.50033 
-6.80077 -5.18296 -3.95103 
-5.74685 -6.17148 -5.79277 
4.69191 -2.91756 -0.640135 
5.25025 -1.129 3.08457 
5.7935 0.473178 -6.25158 
7.48784 -2.34448 4.3666 
1.5815 2.92336 1.36664 
3.29289 -6.88042 3.00501 
3.95863 4.58512 -5.63654 
-5.18337 0.57375 4.10692 
1.36789 -0.463505 -1.16714 
-7.31472 7.8598 1.55875 
4.36245 3.45225 5.87778 
-4.64708 3.52814 -3.63807 
7.19193 -1.3784 3.47052 
0.239224 -0.446005 7.24637 
-0.92721 6.66517 -2.14506 
-1.16786 -6.49052 -4.89701 
5.94558 7.81511 5.34325 
-6.70389 -3.62473 3.81317 
-4.04935 5.31086 -3.68814 
-4.35425 -7.57176 7.7671 
-2.69204 0.390889 -2.92015 
4.11511 2.82583 -4.26013 
-5.85784 -4.28992 -1.98728 
1.72498 1.85714 2.46989 
5.73289 4.68469 -7.0201 
-5.72697 -6.37896 -7.56446 
1.14037 6.61649 -0.103342 
-0.0191155 1.64109 0.97274 
-1.00784 -6.03319 0.456728 
1.58737 0.653041 7.06947 
-7.20094 3.68476 2.35538 
5.2434 5.90596 -0.588659 
-4.37296 2.61389 5.72817 
-3.71754 3.35113 1.71376 
5.15489 6.64478 1.31751 
-3.21163 -4.8385 1.52683 
-2.48781 -2.79099 -0.738447 
3.05601 7.11241 -3.4347 
-3.2965 -1.60153 1.92527 
