0.0199468 0.901652 0.882803 
0.218654 0.210001 -0.706114 
-0.438643 0.995498 -0.597753 
0.0425786 0.362507 -0.454295 
0.275608 0.808159 0.293176 
-0.631315 0.656543 0.928777 
0.368069 0.450691 -0.621254 
-0.289008 0.225094 -0.774622 
-0.388939 -0.203783 -0.482554 
-0.554635 0.024137 0.396982 
0.902199 0.591105 0.175874 
-0.75006 0.753467 0.88716 
0.691301 0.10583 -0.880552 
0.781631 -0.275515 -0.529485 
-0.265551 0.81589 0.966745 
-0.518192 0.127931 0.231472 
0.459679 0.0212744 -0.933225 
0.117314 0.0154578 -0.584522 
0.0887601 0.214943 -0.807887 
-0.73108 -0.331932 -0.432174 
0.27603 -0.979033 -0.773491 
-0.444755 -0.799931 -0.818223 
-0.826639 0.207984 0.449858 
-0.138258 0.478622 -0.22899 
0.393666 0.688368 0.186606 
0.743201 0.796905 0.985327 
0.923859 -0.511563 -0.230766 
0.662932 0.777505 0.855145 
-0.568988 0.401436 0.870255 
0.222275 -0.231885 0.266442 
-0.253208 0.767886 -0.379584 
-0.368676 -0.358074 0.825448 
0.107259 0.640861 0.803132 
0.00727959 0.94088 -0.164111 
0.511865 0.0549974 -0.146373 
0.925202 -0.945098 0.174406 
0.0873994 0.080281 0.844154 
-0.161244 -0.239787 0.147788 
-0.810603 -0.0969363 0.139655 
-0.830268 0.474684 0.624531 
-0.72158 0.473226 0.843622 
0.894359 0.474558 -0.980822 
0.342751 0.185579 -0.729042 
0.138769 -0.472848 -0.799014 
0.221449 0.599097 0.115995 
-0.685904 0.729876 0.931215 
-0.97149 0.988416 -0.658884 
-0.957742 -0.610067 0.121362 
0.468063 -0.664098 -0.46739 
0.0687508 -0.199806 0.838986 
