-1.66478 -3.07596 2.64982 
5.24021 6.31447 6.14039 
1.55668 -7.05271 1.92466 
-5.94364 3.54409 -4.02723 
1.46574 -3.5411 7.29382 
-1.23624 5.04415 -5.31146 
-0.815632 -7.28988 0.752561 
1.69524 2.70224 2.97766 
5.51876 -0.644388 -3.32337 
-0.511459 0.82151 1.01168 
-6.85869 -3.7468 -1.81741 
5.41952 0.0967556 -7.03357 
-7.0616 -1.28408 -6.66057 
1.73854 -4.90406 3.88082 
-3.77313 7.60831 -6.96216 
-7.26395 -2.05885 -2.63765 
3.10338 2.94734 6.26636 
7.03261 3.17735 -1.39412 
7.26915 1.56875 -4.05573 
2.2246 6.77546 -7.21233 
-7.83411 -1.47473 -4.75532 
-3.63979 -1.13234 -0.471949 
3.71207 -4.15335 3.63673 
-6.41912 -5.98717 -5.20554 
-5.46086 0.415784 4.18689 
-1.79246 -5.8494 0.239276 
-4.34676 -2.12851 6.0801 
-3.08126 -3.37262 2.19859 
-4.84495 -3.34678 4.39941 
-2.44964 -6.55475 -1.19209 
5.06054 -3.07682 -0.089766 
5.14422 -6.91223 5.18382 
2.134 0.0684608 1.2375 
-0.184302 2.57946 -6.34597 
7.4993 3.1127 6.58164 
-1.93065 1.40538 -3.99892 
6.66391 4.54978 7.99032 
0.426365 6.71448 -6.46563 
-1.14958 6.37443 3.74256 
2.07157 -2.71048 -3.10434 
-2.80913 -6.75524 -0.176055 
4.31944 5.40562 -1.27977 
4.03945 1.51661 4.31401 
4.25387 -0.805683 7.6596 
-1.55632 -0.673238 3.63509 
5.22646 2.35335 -0.43431 
5.25849 2.43617 -5.95481 
7.18396 -3.25115 3.95507 
-1.87496 -7.59681 4.21111 
5.52929 -2.30358 7.06328 
