0.560391 -7.92778 -2.40571 
-6.03877 2.35501 6.61144 
7.73395 -7.16596 -1.56457 
1.18402 -2.73236 -4.46844 
3.80904 6.12749 3.3314 
-4.65465 -0.357109 6.48968 
6.82056 3.52236 5.41132 
5.56566 -2.45507 -2.21775 
-5.02795 -5.87448 0.983148 
-4.0446 -2.92594 6.38197 
0.317448 -2.83883 -0.844277 
-4.72415 -1.87007 6.91695 
-2.55468 -3.77413 0.635921 
3.36171 2.66238 0.183553 
7.39701 4.53936 -7.1009 
-5.37021 -7.20066 -5.27518 
3.69945 -5.01623 -0.514006 
-7.56939 2.35741 -1.88914 
1.41163 -6.81699 3.19607 
-4.26319 -2.05205 0.034763 
-4.69176 -4.76864 1.14124 
-7.78659 3.8483 -3.40029 
-3.92634 1.01307 -1.54223 
2.96163 -3.94393 7.36972 
-6.29924 4.79861 4.95121 
-0.425331 -1.56513 4.44886 
-0.134826 -6.71457 -3.6291 
-5.47958 -5.92312 6.24951 
6.0772 -6.95767 -3.83335 
-3.04418 6.49561 6.67437 
-0.501301 -5.581 -3.82424 
3.67565 5.51069 -0.298107 
-3.65415 0.723158 -5.65325 
7.82975 2.48163 4.86708 
3.91915 6.25896 5.27752 
7.82609 -3.84521 1.72299 
-5.54465 5.83939 2.36544 
2.59146 -4.65639 -6.39738 
2.98367 -2.59806 2.0796 
-7.5314 -7.33423 -6.47747 
6.21178 -6.89371 -7.12369 
3.66046 5.84441 0.767434 
-4.14678 0.635515 -2.90134 
-5.80143 -3.36465 -6.7849 
7.26508 2.0695 2.85318 
0.31437 -2.63951 -1.75517 
-3.65955 -4.38291 -2.79558 
-1.07802 4.79274 -5.21388 
-1.91789 -7.71695 4.79296 
-2.84601 -0.45649 -4.8996 
