2.18009 4.18815 4.37574 
5.11838 -4.56192 7.5294 
-6.35324 4.09374 -4.9694 
6.61317 7.66238 -7.79522 
-2.12987 7.93434 3.99329 
-1.60452 -1.65732 -2.47718 
-0.964302 2.39871 -0.260305 
0.425933 -5.88971 -0.348146 
5.88123 5.28831 5.33487 
-2.87944 2.79232 4.55032 
4.95504 -7.79659 -6.30105 
-4.99984 6.18168 -7.40619 
-4.04721 -4.06415 -6.04441 
4.60348 3.09526 -7.5243 
1.98094 -4.81435 -6.59036 
5.09082 -6.15354 2.48179 
6.09132 5.20437 0.180048 
-3.07938 -7.15749 -1.60788 
0.243904 -1.53293 -4.39379 
-0.903888 7.63492 -0.74514 
3.59651 7.55744 -5.29096 
5.40389 1.88579 1.76869 
5.60767 0.914685 0.785537 
-6.59744 7.36698 -7.44995 
-6.13654 -3.19852 -4.35514 
2.36657 7.32228 -6.87889 
-0.84384 -3.8653 -5.77352 
1.73848 -3.06154 1.68302 
4.44068 6.90069 -6.86112 
-0.272242 -5.46804 -5.99163 
6.03198 2.05835 -0.295707 
5.34491 -3.41734 6.55015 
6.78956 4.87841 4.75031 
-5.07877 3.19932 2.43626 
6.73015 -2.07271 -3.41937 
2.91895 -6.95396 -7.97259 
2.87352 2.44832 -7.66418 
1.07427 -5.53513 7.97257 
-1.89328 6.11514 -1.5572 
-1.157 -3.1165 5.04228 
1.8239 -5.11885 6.27677 
1.0561 -3.71497 -3.2804 
3.51514 -2.53828 4.45295 
-5.26078 7.40654 -7.79874 
1.39112 7.77929 -6.60229 
-7.98228 -6.26799 4.38357 
3.33564 -1.93422 -6.24632 
-3.82883 0.295086 -1.47266 
-2.6804 -4.69218 5.25125 
7.51011 -7.48679 2.70392 
