1.43275 6.64265 -5.1611 
-2.68708 -6.53598 1.21667 
0.52466 -5.18656 7.90729 
5.53987 -3.11153 -3.23674 
-6.00832 -0.864005 5.71657 
-6.79757 2.80829 -5.30949 
-5.43508 -3.40086 0.179033 
-7.02837 -2.22983 -1.34347 
-5.24821 -1.87723 1.3279 
-3.85441 -0.186844 3.43782 
-4.06854 6.57389 -7.12115 
-7.30635 -0.689476 6.6437 
-5.98049 -1.89995 -7.36705 
3.27569 1.2699 -6.40278 
0.867063 -4.3821 7.99713 
7.29263 -2.89706 2.09597 
-3.36846 -3.74805 1.85768 
6.89727 -6.17213 4.38522 
6.95397 -3.97339 4.60691 
-3.02132 -6.53151 6.736 
4.71285 1.20798 5.14188 
6.32984 2.67865 -6.95688 
1.24097 5.4438 4.12013 
5.44267 -3.58475 7.83648 
6.81502 -4.17985 -2.12786 
-0.0272453 7.56948 -2.11887 
-5.566 -4.76814 -3.00174 
4.2913 -4.7937 1.82654 
1.5298 5.41601 -0.0599109 
5.92489 -7.51039 1.84146 
-0.508755 -2.63067 -0.0202412 
-1.19621 -0.0449372 -3.40048 
-1.97088 7.18002 2.50588 
1.25014 1.81331 -0.324939 
4.62485 2.31381 -2.24567 
-6.54361 -7.83223 -0.249768 
2.08682 0.439263 -4.14455 
-6.86259 -4.71034 1.49062 
-2.37656 -4.98349 -3.67655 
3.42861 2.84978 -2.03368 
1.17813 6.16219 -7.27002 
1.45221 -0.408319 -7.52174 
-1.09579 -0.329148 -3.87077 
1.83487 2.01614 -1.59357 
3.33948 5.73219 -7.37244 
0.684771 -7.53902 -6.62926 
-1.51748 5.88542 -6.50063 
1.61397 1.02852 4.72011 
-5.24413 7.81378 -1.0899 
-3.66751 0.816279 -6.59221 
