-2.56412 4.91696 -0.433119 
5.83864 5.84973 -4.10473 
-2.48027 1.87337 7.2276 
-1.29502 7.52375 7.72749 
-7.39332 -2.13629 7.56402 
-5.51157 4.93373 -4.41666 
6.59754 7.93945 -2.85603 
6.79044 5.70392 0.100143 
6.52012 5.90363 -6.66588 
-0.729408 -4.28618 -6.82186 
6.81886 0.148619 0.314645 
3.23552 4.56639 -0.269201 
-3.94587 -0.23077 -3.63785 
-5.74935 3.41168 6.63922 
5.43002 7.0319 1.03403 
-1.55816 5.90907 -3.82046 
3.69121 -4.37048 -2.49079 
-4.12033 -7.3567 -1.29781 
-3.83632 6.9774 5.40916 
2.56518 -2.96021 -1.3212 
1.36858 -3.6294 -1.3012 
-4.1606 6.94406 -4.90097 
7.98504 1.83941 -3.86861 
-3.25474 6.18622 6.33936 
-1.28963 -3.43448 -7.89493 
0.291678 -7.2565 3.03472 
5.98151 5.75883 -6.44281 
7.28897 -0.927271 4.03248 
-0.0933564 0.0557711 1.48858 
-2.04749 -2.06883 -3.50153 
6.39942 4.96779 -5.75122 
5.90111 1.48266 -6.53446 
-5.31365 1.93468 4.38748 
0.921271 7.93809 6.23664 
0.612759 -2.46829 1.74777 
-6.91142 6.78163 6.22679 
-1.71346 0.553393 5.25424 
-2.7889 1.4367 1.07105 
4.27073 4.55963 4.90096 
-0.125661 -1.56243 -6.20112 
0.404372 -5.68309 -0.733249 
-3.68923 5.51551 -2.35016 
4.48274 -3.61859 7.11294 
-6.4286 -1.70778 0.479969 
5.53115 -2.73797 -4.75499 
-3.30367 -4.46846 1.49378 
-4.40924 -4.33562 4.04939 
3.72917 3.37336 5.02724 
4.45167 4.38106 -2.278 
5.80946 -1.65972 2.5505 
