2.24985 3.36538 -1.36862 
4.31215 5.11073 -3.15392 
-5.60676 -0.871965 -7.22692 
-4.848 3.66008 -5.28553 
-4.01339 -4.50431 7.25238 
7.27989 4.94862 7.00501 
3.0121 6.0939 -1.49069 
4.98195 5.2366 3.09426 
3.53087 4.70207 -3.16259 
-0.445388 -6.9842 -3.96288 
7.80342 1.93269 -1.31693 
1.46449 5.93729 -0.583252 
-2.17616 3.70459 -6.95368 
-2.94524 -7.42981 1.32458 
4.94461 2.2986 3.39859 
0.308183 -3.51225 -6.73976 
5.82668 -4.52219 3.99183 
-1.69582 7.69379 -2.62727 
-2.98659 -7.83139 5.02984 
3.46669 6.48506 -2.67217 
-0.653403 -2.12446 2.3959 
-7.14508 3.60904 -2.91919 
7.74486 -1.91621 -3.30576 
-2.05606 -6.26854 5.24916 
-3.47609 0.0107027 -7.75644 
6.28608 3.76855 3.38395 
-3.72177 1.98757 -1.2529 
4.88567 3.82462 0.111506 
-3.12435 0.0225907 0.590688 
-1.0836 -4.61875 0.851259 
4.688 7.40141 -2.40994 
-4.54181 0.34649 1.81376 
-4.17173 -4.92652 2.30859 
-0.0972882 -5.18722 4.14797 
-5.06509 -5.97967 3.18209 
-2.92221 7.07064 4.32694 
-6.21624 -3.76283 -4.97228 
0.362491 1.45685 5.9206 
-7.08312 6.45963 0.262482 
-1.27782 1.33058 0.382797 
4.83076 1.86391 -0.167772 
4.17762 -5.0817 -1.04463 
-0.0166788 -7.8053 3.01937 
4.89264 -7.70591 2.01899 
3.90543 -4.52743 -6.29056 
-2.18873 -5.10603 -0.977792 
1.86878 -7.48439 -0.0436813 
-0.528405 -0.511872 -1.21523 
6.00704 3.34293 -1.83833 
5.60774 -0.11711 0.32255 
