-7.36411 1.43081 2.62648 
0.031978 -3.60358 5.94426 
4.46263 -0.572968 7.90683 
2.48492 -6.42769 4.76741 
-1.97192 2.5063 6.94289 
6.5158 -6.56536 -4.75669 
-4.85241 -0.695006 5.28766 
-3.01085 -7.37728 5.35117 
0.455172 -2.42067 3.17699 
3.38948 5.95541 -4.5973 
-5.23683 -7.71268 -5.7621 
-7.00444 -5.15268 -7.1675 
1.60644 0.393997 -5.42115 
-5.72698 0.7638 -3.15598 
-0.52193 0.897054 4.57987 
0.452223 -3.58683 -4.11591 
0.683745 4.57482 5.94345 
1.17355 3.13377 6.5774 
3.87074 7.40787 -5.25635 
6.50287 2.71689 -4.66917 
3.53568 -7.34429 -5.81296 
6.39777 2.02996 -3.55953 
4.56334 -5.66401 0.181249 
0.565637 6.13958 4.38737 
1.78197 6.5064 -4.25557 
4.7502 -1.34015 5.39424 
5.79869 -0.774923 4.49038 
6.36557 -2.28522 3.84715 
5.98056 -0.990049 6.49837 
-3.32261 -1.20805 3.74331 
-4.43565 -1.97978 6.96471 
5.18214 -4.0098 -2.07798 
-7.9208 3.64746 -4.2539 
-2.39967 -3.00949 -5.89402 
-2.21696 1.3144 -6.9025 
7.68369 2.79501 -1.56205 
-6.85326 -2.52259 -5.3553 
5.52965 1.82333 -2.28416 
2.89551 -0.179917 1.37106 
3.20909 7.99135 -3.68544 
-6.60898 7.0567 -4.64601 
3.22757 1.45544 4.83679 
-5.48861 -1.77314 -4.63385 
-7.20463 -2.24678 0.440312 
-1.14761 -2.92724 -7.31928 
2.16255 -1.35211 1.53203 
4.71104 -1.66301 4.55305 
-5.30909 2.09553 7.75679 
-2.97998 -5.81069 -5.19727 
-7.30552 5.5649 -0.542557 
