-6.43484 2.49372 1.63239 
2.26956 3.22184 7.4507 
2.25099 2.08093 0.945394 
1.23887 -2.43975 -4.4559 
-2.55378 -4.96451 -2.44792 
7.57845 1.24292 5.30896 
6.09467 1.56869 0.550856 
-0.549803 -1.03929 -7.07693 
7.49714 4.4299 -1.30347 
1.14945 -4.59561 -7.10728 
0.402299 3.71099 6.38895 
-3.30221 1.2676 -4.02348 
-2.26794 6.57533 -4.10515 
-6.22364 -5.31913 -6.67823 
4.52812 5.37692 -4.77018 
2.68758 2.49952 -5.56223 
-3.49846 5.22944 -3.41369 
-2.58149 -6.50511 -6.81065 
-3.83831 6.55931 2.70649 
-7.20253 -6.63841 -2.96368 
1.90709 2.27475 6.88108 
2.69695 -6.43265 2.1274 
-5.7373 -5.98677 0.401326 
6.01931 -6.03812 -1.69826 
7.54774 -2.49933 -4.50082 
-7.27554 2.40228 -7.8811 
-1.20443 1.59496 -6.46351 
-5.3087 -0.515633 -6.13726 
4.09264 -6.38797 3.99549 
-6.34707 4.6494 -6.50051 
3.9905 1.119 -6.93213 
3.40791 6.0493 -0.930189 
-5.64725 5.3786 1.04128 
-2.79852 -4.04845 5.14752 
5.13091 -1.53688 -6.54975 
2.97847 -6.62064 -5.57395 
-6.74042 -3.85684 -4.04234 
0.567849 -6.04476 7.126 
-4.0251 -2.80138 1.90685 
6.32402 -1.98195 2.5029 
-7.34618 4.49926 -5.28661 
-6.87024 -6.70079 -3.07114 
-3.10786 1.42938 5.10111 
-6.03871 -3.25364 -4.38127 
5.4346 -0.30287 0.154813 
0.308413 -6.3896 3.4932 
1.37418 5.3341 -2.83381 
-7.28782 -2.15899 1.02059 
-3.38589 -3.68928 -2.92964 
6.555 -6.16759 2.09144 
