3.53803 4.98877 -4.29069 
-1.27812 4.17466 2.42729 
3.81571 -0.766811 -6.40376 
-3.68136 -1.77409 -0.534759 
-6.96697 2.64199 -4.64007 
-0.557803 3.17825 -0.362282 
6.48841 -1.84847 2.19148 
3.63082 -4.91601 -7.16766 
4.40761 -6.92451 -5.59153 
-3.59271 2.59954 4.94197 
-2.16659 7.34009 -6.95776 
3.95455 4.35745 5.74788 
-0.881116 -6.6111 -7.33065 
-0.463711 -2.88127 -0.30663 
-3.26906 -4.89684 7.51635 
-1.03621 2.1447 0.701362 
2.76175 5.25235 -5.0109 
-5.19146 -0.994758 -2.87811 
0.453028 -1.2211 5.20195 
-4.07519 1.31565 3.08758 
-2.90789 2.17961 4.14019 
2.01247 1.90742 -6.0187 
6.0062 -2.602 4.7175 
0.811585 -1.37921 5.92073 
-5.91106 4.96406 5.65099 
-0.765835 0.991951 -0.0364288 
0.934464 -4.92142 4.54114 
3.98293 -7.27914 1.95976 
2.75462 4.65339 -2.39203 
7.39973 -1.21751 7.73567 
6.38925 0.170927 4.50872 
7.79026 1.79918 0.399947 
-7.36778 6.89553 -0.977702 
-4.64645 6.03407 -3.44437 
-5.24393 -3.21424 5.46648 
7.73959 0.918107 -0.773672 
-6.11632 0.860496 -7.11215 
-0.00559745 -6.52786 -1.68212 
-7.8952 -4.70428 7.51476 
-6.51856 -6.06501 -3.78076 
-4.29795 -3.78359 7.66776 
4.01255 2.23587 1.03119 
4.9616 4.66862 1.10841 
2.45365 0.878173 4.90626 
0.000609595 -1.01726 -5.00624 
-3.48925 4.2502 6.40473 
-1.03096 -6.40428 4.85247 
-1.81779 -5.9652 -4.94314 
-1.95374 -2.28566 -7.90475 
-6.65997 -5.18001 0.366971 
