-6.81288 5.65206 4.73321 
6.87293 4.47352 -1.45965 
5.18142 5.80437 -4.69034 
5.60841 -4.97393 -2.04867 
-3.89757 -4.13056 -4.79937 
4.23192 5.06104 7.04725 
1.54851 0.952153 1.6787 
3.1697 -5.8551 3.83029 
2.13669 7.20946 -0.43455 
-5.56704 -1.29783 1.21108 
-3.36148 -4.05943 -6.00594 
-3.75841 1.7525 -0.403029 
-5.98358 -7.60901 -2.08685 
6.46402 7.40716 3.942 
-3.81815 -6.94267 -3.95997 
-4.87293 1.49545 3.44609 
1.70603 3.85549 -1.92433 
3.24131 -6.0965 -1.69509 
7.82553 5.34267 1.89304 
2.10802 0.496478 1.19031 
2.05379 -0.895399 5.71845 
-2.05394 -4.63734 -0.406265 
-6.94681 3.49246 -5.01381 
7.8193 -1.99221 5.58195 
-0.608899 0.798964 4.56257 
0.442279 3.25407 -3.73779 
-6.28227 -0.877164 6.05782 
6.24473 2.44235 -1.86998 
1.92632 3.74632 -6.03903 
0.839854 1.34269 -7.43033 
5.46293 3.49739 2.98168 
3.9699 5.63518 3.27817 
-2.54307 4.24495 2.09658 
1.99844 -1.28987 -2.95626 
-5.92937 3.6954 -6.80257 
7.41429 -4.97485 -4.93564 
-6.04648 1.45051 -1.23665 
-2.04102 4.53964 5.79291 
4.22259 -7.60712 -0.787095 
-5.4311 -6.96239 5.71412 
5.90721 4.14647 3.98918 
4.78041 7.20136 0.397256 
5.02752 0.750797 3.23672 
-2.49246 -1.75114 4.35535 
-2.50605 -3.53616 6.18665 
-1.83005 6.71795 5.64269 
5.45791 -6.47248 7.92763 
-1.20884 3.02327 -2.20695 
-3.14956 -1.59385 -2.84747 
-3.36218 6.05658 6.57175 
