-0.573611 -3.23589 -2.2273 
-0.284762 -3.46075 -0.136694 
-5.3695 2.51745 4.89566 
-0.959049 -7.24134 -7.09971 
-6.37466 0.29942 5.59273 
2.49598 -5.57571 -2.70941 
2.51477 -2.74472 -1.80162 
-0.67688 -2.20574 -7.72395 
6.10659 -5.83741 4.00279 
-2.92847 4.96474 -7.58551 
-5.5243 2.10606 4.71421 
7.50418 5.22683 0.338974 
7.30072 1.62896 -2.4251 
0.570935 -1.15242 6.87663 
-0.0925954 -0.165634 -1.43419 
-1.08506 -5.92777 -3.66965 
6.72476 -4.24265 -1.14917 
-4.4928 6.74854 -2.84334 
-6.40036 0.930568 -4.87271 
-2.82127 -4.06583 -3.65265 
-1.81246 0.144767 2.6419 
-5.14939 4.52256 -3.08391 
-6.95145 -5.34542 1.20475 
-7.47096 3.16032 -0.373811 
-4.77175 3.88958 -3.64697 
4.59833 7.77205 4.3458 
-3.14256 2.8982 -2.44486 
0.463684 -3.31923 0.716043 
6.38567 2.22938 -1.43549 
1.50149 -4.98984 -7.40485 
-5.09638 -1.46999 2.29586 
6.19637 7.43634 -5.87233 
-7.37693 -5.71817 1.08715 
-5.57529 -2.92909 3.03236 
0.922294 0.261138 4.90571 
4.19211 -1.90344 -2.26009 
7.20547 4.27113 -6.20777 
-4.1061 3.18204 2.47815 
-6.4529 -4.72147 -5.07615 
-0.603665 -1.25465 1.50599 
2.58776 -4.46312 5.83406 
0.580637 6.07607 2.68681 
0.809784 4.64787 0.0577387 
7.36966 6.00133 -7.43248 
-3.79299 -3.78288 4.00317 
0.356153 7.44123 -6.7925 
-7.4208 -2.27544 2.36732 
-4.62485 -0.706113 4.36104 
-0.886391 -1.56132 -6.60292 
-6.15599 -2.38249 2.03722 
