-4.2476 -4.97216 -4.73753 
-0.510755 -1.66704 -7.54331 
0.81748 -2.80707 3.79867 
-4.69057 6.55408 -7.77384 
5.40227 -3.50504 -1.81381 
-1.41234 4.40001 -5.4031 
-4.08503 3.90932 -2.79394 
4.79648 -1.98317 0.890751 
-6.4444 6.75267 -0.594668 
-4.58544 -3.29507 3.68989 
1.90724 -4.40328 -2.67244 
-1.20882 -4.53559 -7.04474 
-7.85898 -2.66415 -2.43492 
-0.620137 1.78207 -0.709953 
0.18546 1.17011 1.17265 
1.48996 -2.29577 6.16839 
1.22441 4.46677 4.10774 
-1.95956 6.90097 -0.462223 
-2.76045 5.87192 1.56448 
-1.83717 -0.549831 -2.41627 
-7.18378 0.105794 -6.81738 
2.18302 -1.80357 2.93128 
2.2376 1.61484 -2.29655 
-2.71967 0.613637 0.187996 
0.788156 5.7359 -1.99592 
-5.76058 -5.61999 5.38846 
2.01099 4.70745 -3.02391 
-7.19729 5.46147 -3.05657 
7.79528 -2.196 7.38048 
5.4656 7.48323 7.25405 
-3.2837 -1.99137 0.372836 
-4.75264 4.47244 -3.87369 
0.459167 5.22517 -5.01309 
5.94916 -5.49005 -6.59904 
-1.04848 -3.1246 -0.486272 
-5.71617 3.15042 -3.3247 
-2.17477 0.529409 1.78611 
-1.03192 -1.69286 2.51117 
3.58329 2.16668 6.37992 
-5.34413 2.21661 2.37207 
4.17914 6.34899 -0.123846 
-4.90609 6.68936 6.58337 
-3.89317 3.33055 -2.80506 
2.0966 -6.32327 2.21428 
-6.74369 0.510486 -1.4086 
-0.916711 7.79617 4.44791 
1.79503 4.94383 2.86129 
3.80935 4.4578 -4.58951 
2.2195 4.91986 6.27299 
-4.28157 4.67706 -3.3188 
