5.02855 2.34293 6.84465 
5.50944 6.4792 -2.64703 
3.93455 -6.30107 -2.63455 
0.648224 -3.17298 -4.94383 
-2.46285 -6.25904 0.979449 
4.55957 6.76264 -6.30587 
4.8787 -4.79503 7.04935 
6.1313 -5.03347 7.04777 
3.01067 2.26583 -4.80699 
7.75376 1.00372 -0.651588 
0.273091 -3.10798 -3.46798 
-0.887956 -0.412698 -1.18103 
7.8041 2.8527 -0.747974 
1.60314 7.7574 3.94404 
-7.19796 -7.39315 7.27186 
-7.6155 -0.990181 4.81134 
-0.220393 2.38785 -2.98938 
-7.80387 2.57745 1.51356 
5.57745 4.37573 -2.45645 
0.36194 -6.13117 -0.654002 
-6.0304 -2.39126 5.78707 
1.19762 -1.51821 -3.36484 
-7.94423 -5.13434 -5.2297 
-7.74921 2.67788 3.93716 
6.02014 -2.8489 6.49807 
2.80441 -4.19393 -5.14182 
-0.340367 -0.92299 -3.58722 
-7.61613 3.05224 2.39808 
0.664282 -4.01634 6.52841 
-2.41149 6.24215 -7.55131 
-6.17814 -1.18217 0.0598042 
1.09097 4.43012 1.20795 
-6.07152 3.40888 -7.02306 
-4.75905 3.14165 -1.47756 
0.298548 5.86851 -4.21216 
1.28063 -4.43713 -0.739241 
-6.89858 -5.55266 -2.6716 
-7.68346 -6.51121 -3.26454 
2.18587 5.49392 2.44256 
5.9181 -6.9287 6.7597 
7.71186 6.52163 5.78229 
-7.49078 6.21928 1.22536 
2.69465 1.0075 0.669886 
1.03026 -2.31985 4.509 
-5.21638 -3.03039 5.33664 
-3.73752 7.88632 7.51467 
0.936732 -0.788545 3.47846 
0.808203 -0.94043 5.89645 
7.28215 -6.78337 -4.22865 
-4.03864 5.31993 5.78152 
