6.17791 7.78758 2.38949 
4.98092 5.19829 -7.28045 
4.66648 6.39478 -0.955589 
2.31218 -2.5533 -2.96812 
-7.17239 3.73264 3.68458 
-5.29716 -4.07756 3.46094 
-5.07969 -0.0936929 -0.819969 
5.14986 -1.02038 -7.37432 
-2.19017 0.0785872 -1.42721 
2.27939 -4.65415 -4.68393 
3.19754 -3.94304 1.44346 
-5.23715 -6.60572 -4.62896 
-1.13023 5.9638 -6.25544 
-4.62698 3.86947 0.918013 
-3.09863 -5.66348 -5.03885 
6.8215 7.83716 5.00216 
6.60397 -4.4478 -3.16485 
-7.0812 -0.440935 -2.87781 
7.84571 -0.0473142 -5.4176 
-1.45225 -6.67074 -7.1774 
4.22008 -1.25628 -4.25177 
5.90243 -5.39557 7.26095 
-5.90862 -4.0389 -6.63196 
-6.39415 -6.16512 1.27218 
6.75191 -5.54858 6.35461 
-3.63409 -0.658513 -5.67156 
6.71455 -5.90248 -5.25543 
3.6072 3.40925 3.94527 
3.8647 -0.0556422 1.5796 
-2.77782 -7.08064 -4.61524 
-7.87266 -1.39228 -6.7566 
1.53333 4.26629 1.32929 
-5.24144 3.60335 -1.40908 
7.71975 1.46308 -6.95339 
3.97375 -7.20798 -4.95611 
3.06598 -6.126 -1.12588 
5.55482 -5.30686 -7.37872 
7.65422 -3.30709 7.14592 
2.52996 -6.6663 0.34863 
4.27729 4.11043 -1.19182 
-5.95761 -5.37189 -6.78378 
-7.81675 -6.13441 7.82445 
0.935965 5.63745 -4.41975 
-7.33924 6.06225 -0.477364 
-5.15931 -3.92885 3.0688 
-3.81826 5.36025 6.21379 
7.41856 4.17553 -2.78305 
5.68911 4.838 0.739602 
1.0612 0.85447 -1.38893 
-1.18778 -0.323985 2.35646 
