-0.0723607 -6.13895 -7.79321 
6.29522 1.22677 7.37719 
-6.15635 6.2272 -4.83459 
-0.182546 0.400952 -7.01292 
-3.86595 0.293786 -2.37287 
-0.982729 -3.58695 -7.89924 
7.64376 -2.75258 -1.18593 
-1.14989 -0.897888 -6.38445 
4.88474 1.42543 4.59014 
-3.73041 -7.60181 5.74365 
4.94572 -5.17872 5.45488 
6.15478 -1.26597 -5.74539 
-3.33515 -0.257788 -2.85411 
5.71596 7.26085 -0.273772 
1.94698 -7.46333 3.40649 
-4.00054 -7.03908 4.55571 
-3.93538 -5.38659 5.24701 
-4.67714 -2.58222 -2.15319 
4.79922 1.18838 -6.62133 
-3.39392 -5.57972 -3.28569 
-6.54457 6.79221 -3.21591 
2.06138 1.09808 -3.11771 
-6.18266 -6.27336 -1.06362 
-7.24371 -1.57285 2.4203 
-4.4789 -2.96595 -4.19931 
0.638201 -7.06428 7.05899 
1.8611 -6.14576 -2.34282 
2.43006 -6.6531 4.48088 
-5.03951 3.11316 3.87281 
-4.16752 -3.02627 0.448448 
6.37816 3.82596 4.49389 
-3.919 5.21865 -3.29146 
3.0565 2.53708 3.041 
-0.395765 3.97984 5.03441 
-1.53444 -2.70557 1.38208 
1.11278 -1.31067 6.46011 
7.10931 4.99362 -7.50069 
2.12268 1.27141 -4.15868 
5.78587 4.65691 6.92813 
-0.424756 -1.97184 -1.99821 
-3.24429 4.08316 6.64966 
6.83261 4.39168 -4.87111 
6.32713 -4.17102 -6.60296 
-1.11246 -0.0196642 4.34659 
2.3592 -5.55887 1.48943 
-4.38408 3.49147 4.63277 
-1.03252 -2.41821 -2.17264 
-0.674234 2.54779 -7.49124 
-2.21898 1.53881 6.25598 
-5.4398 -4.53738 5.11409 
