0.449928 -0.402768 6.05424 
2.19216 -1.65633 -7.3032 
-6.11285 3.85253 1.88743 
-2.589 -0.293844 1.89394 
2.02157 3.38397 3.06603 
-5.78932 -3.56283 4.9814 
5.38461 -6.32535 1.37833 
-6.81832 4.56699 1.87529 
-7.53753 5.22861 -0.34631 
-4.9898 -7.23532 -0.989483 
-5.33315 7.35452 3.54041 
-0.621034 7.87316 6.80681 
-0.192365 6.31927 -2.98853 
-4.96268 3.28066 4.19096 
0.77747 -0.230321 5.14156 
3.45202 -6.80324 -7.71066 
-6.82971 4.56777 -6.54808 
-0.0680597 -5.19413 -0.715173 
6.72865 -6.34971 -5.59051 
-2.84551 -3.24973 -4.15069 
0.350928 6.79887 1.43252 
5.47795 1.93824 6.91095 
-1.48415 -3.05916 -0.460356 
7.68708 -1.92308 -2.13853 
3.58077 -0.407018 -7.41524 
-4.54666 -4.60753 -3.6849 
3.66578 -4.92031 5.77078 
-5.50639 -2.47589 1.26979 
5.07541 1.65505 7.69308 
6.14226 -0.439195 4.95847 
-7.4408 7.99286 -2.04228 
4.1128 -0.807913 2.31398 
-0.865046 -3.28836 -1.00863 
-0.0567294 -7.56224 3.15844 
-5.75095 -6.2163 2.00108 
-5.1325 5.39705 -0.900943 
-3.76099 4.75567 -0.991635 
5.60011 2.51433 2.74513 
5.86871 -3.26878 0.335975 
-3.36553 4.03038 -6.40915 
-4.95687 1.96384 4.362 
-7.04793 0.35996 6.5104 
0.886115 -0.932882 -6.99014 
-0.81891 -2.56649 2.62133 
-2.91699 -4.76527 -0.927884 
-6.79192 1.67707 -3.38201 
6.15469 0.632498 -5.04115 
-5.00009 -5.30195 -2.05082 
-6.77324 -4.72357 -1.87041 
-6.69904 -4.5614 -6.40273 
