-3.3173 5.60848 -3.14695 
0.316936 4.32603 -3.26931 
-4.83938 -5.21868 4.88071 
6.08793 -4.72275 0.33387 
-4.87668 -7.32113 6.49672 
1.60973 -4.04113 -5.81285 
-5.8402 5.23193 -0.537949 
2.05445 -4.33583 3.87701 
-7.98134 0.421235 -5.19176 
6.46888 5.2632 2.17415 
6.92107 -2.863 2.62074 
0.184034 7.24964 7.57807 
6.24592 5.61012 -2.30723 
0.239177 -1.61757 -3.54369 
7.73103 -1.25295 5.92754 
1.16115 6.96733 5.27117 
2.08847 0.0298248 -6.61137 
-0.0738774 5.18708 6.32728 
-1.68691 -1.84709 -4.98588 
1.82052 6.01266 -1.91241 
5.75876 -2.71401 -0.961852 
5.88391 -7.23775 -7.34439 
0.351022 -5.57179 4.65445 
2.78163 -3.51391 6.0947 
6.7605 -0.847359 5.08032 
-2.43802 -2.11069 3.73648 
0.677959 5.44182 7.07506 
-1.45744 5.15337 -0.153754 
5.36693 7.81245 4.08549 
5.56431 -0.274813 0.00424094 
4.08568 7.0498 -6.87201 
-0.290962 4.72271 -7.85939 
6.3654 3.24832 4.77847 
-4.54578 0.471366 4.27921 
-1.9962 3.66821 6.71237 
4.51753 0.860107 -3.23256 
5.94861 -1.90693 -6.55593 
1.41627 -1.13246 5.42656 
-6.69733 3.91476 -2.35203 
-0.897091 7.11306 0.256619 
0.925074 -3.61615 -0.64275 
-2.69675 1.21097 2.59249 
-5.18701 -2.00783 5.64597 
-5.41354 0.764221 -1.12064 
0.326811 1.98249 -2.02798 
-2.56434 -6.69474 5.9094 
-2.88441 2.73763 -5.42453 
-5.04995 -5.31347 -2.8838 
3.63912 7.5087 -2.43434 
3.24107 7.59697 -5.01331 
