2.07928 -4.84152 7.23695 
2.81502 -0.845124 -6.27308 
6.23853 4.25173 1.55012 
3.00249 3.77899 2.34762 
2.16174 6.58319 3.88586 
2.1847 -2.13432 -2.67717 
2.90927 -3.33646 1.68916 
0.0235983 -1.31898 -1.91566 
2.3914 1.31938 1.01886 
-2.95765 7.81315 -0.734979 
-1.23787 2.33489 2.69409 
0.598668 4.24028 -5.97926 
3.80469 1.8333 -5.5807 
-3.8483 -2.43102 7.26506 
6.9933 -1.654 6.47677 
7.23649 -5.61859 5.83929 
-7.83138 4.67637 -1.73193 
-1.75396 3.95922 1.2181 
-4.66832 -4.91697 -3.57131 
7.41332 -2.04698 -1.92086 
-6.68015 5.39001 4.13032 
-7.92016 6.95 -5.81838 
-2.61325 5.98247 -1.95806 
-4.42778 -0.447345 -3.72791 
-6.2228 3.0381 7.34411 
-7.19499 -5.09155 4.29919 
-3.69816 -5.06113 2.41686 
-2.02258 2.79103 1.01811 
-0.546535 0.767942 3.59975 
-7.75314 -4.88642 1.55857 
-6.37887 4.73862 -0.996369 
-6.34447 -1.00278 0.441156 
0.681264 -4.18674 0.684145 
-3.34115 -2.82147 6.90144 
-4.71836 -6.26408 1.89064 
-7.34685 -0.351121 6.35993 
-1.31125 -4.43057 -5.87269 
-7.26874 -0.108161 1.98866 
4.26359 -5.0441 -7.56976 
-6.40976 7.51511 6.70726 
-6.08671 1.27674 -7.57375 
-2.51375 -7.7079 -5.74335 
-6.24064 -1.99665 7.58666 
2.26599 -0.447819 7.41505 
-7.43853 -7.21907 3.31339 
-5.7954 1.11548 3.30383 
-3.5873 -2.255 -6.54108 
-5.5511 -1.26377 -3.43777 
6.06869 -6.43876 -6.44912 
7.57713 -3.10176 -3.93963 
