-3.99987 7.40953 -4.75694 
-1.8577 -1.41078 -5.91279 
6.4002 -4.44573 -2.55617 
2.48693 4.49269 7.19955 
-5.36579 5.6711 7.12167 
4.32932 -3.19733 -1.27415 
7.10726 -6.50966 -7.44641 
7.31026 -0.963253 2.5236 
2.18124 4.15688 5.02105 
-3.07237 1.59945 7.24082 
-2.91406 3.71 -5.51411 
7.12266 7.44461 3.07596 
3.32559 7.6843 7.25271 
0.207877 4.40796 4.33212 
-7.44067 5.61949 -6.6056 
-5.34445 -1.97105 3.96427 
-1.11662 7.5879 1.33639 
-7.97174 4.98459 -0.748286 
0.219733 -2.87901 1.81769 
-6.9687 -6.95999 7.20089 
-7.6319 2.08454 1.8937 
-0.956427 6.11134 7.56562 
-6.87181 4.84461 -1.43099 
2.70578 1.15962 -7.82126 
5.53943 -4.4999 -7.44099 
0.219187 6.04703 -7.62077 
7.16443 2.88091 0.0546706 
1.91407 -3.68159 5.97731 
6.38909 -1.57993 -3.23432 
4.90526 -2.69736 -7.10249 
-0.717159 -4.66285 -1.48939 
1.69123 -5.68355 0.658784 
-7.44206 -6.73659 -1.08569 
3.40796 -5.5548 -3.94518 
-6.20228 -6.52823 7.515 
-2.26734 -7.49098 -2.79241 
-4.65823 -6.17659 -6.34005 
7.2583 3.23843 2.68627 
1.55757 -3.66692 -4.29958 
2.27504 0.659472 -5.78688 
-0.374196 -7.87932 1.78144 
-5.8435 6.45115 -1.97441 
-6.64215 7.76289 -4.33525 
4.92982 -5.44171 -7.95645 
4.55326 -5.65671 5.45261 
-5.72471 7.82701 0.334517 
-1.61252 -0.950513 6.68058 
-1.79836 -0.913962 -1.5531 
-0.200966 -2.41387 3.56125 
7.22721 -0.968554 -5.69535 
