3.84773 -2.38397 1.51338 
6.50826 -3.12615 -7.47859 
1.65932 5.30301 5.71925 
-0.587913 -6.90091 -5.69842 
0.0631269 7.79099 6.98131 
-1.7225 7.84882 -7.40536 
5.40924 7.94626 1.54096 
0.230232 -5.4737 6.90056 
-0.574301 3.49799 -5.62518 
7.89727 -2.5205 -1.75556 
-1.21167 7.14137 -2.64326 
-5.94499 -7.54741 -2.06708 
4.65485 -0.57772 0.675997 
-7.88544 -3.01235 -6.98315 
0.64647 -5.16272 -0.432339 
0.63807 3.34317 0.275834 
4.90612 -6.81733 3.89031 
-0.485007 6.76261 -6.36343 
-6.8894 -1.03027 2.70296 
-3.42994 -1.33123 -4.51301 
-7.55861 -4.94862 -0.386642 
0.497448 -5.31027 -4.84351 
6.98076 3.93828 -2.50568 
6.93346 -0.230459 6.39096 
-3.81314 -2.92806 -2.43153 
2.58747 -7.96562 -5.8973 
-4.39191 7.83123 -3.99785 
-1.03254 6.50506 -7.22866 
-7.50676 -3.47316 -4.62976 
-0.725709 4.5378 -2.28251 
-6.78919 5.71144 -5.17343 
-7.05205 -3.8937 -3.83816 
1.02431 2.9665 5.2142 
-5.90244 -0.408588 2.9237 
-1.2796 3.04304 3.42795 
-2.43953 2.87291 -6.40168 
-4.263 -6.06783 -6.63801 
5.56921 -3.86583 -3.62345 
-2.66567 -2.7437 0.71557 
-6.69061 -6.25748 2.34347 
1.28996 -5.28485 -4.23605 
-7.67705 1.39452 4.5856 
0.567062 5.68841 0.476624 
-3.49326 0.18038 -5.96366 
-2.55313 -0.373045 1.88915 
1.57584 5.25339 4.64403 
-3.48748 5.53195 5.06563 
-4.83957 0.65158 1.67306 
6.6452 4.87117 2.69192 
-3.55448 5.86628 4.51864 
