-4.47378 0.421026 2.9539 
-3.18251 -1.66279 -0.687334 
-6.95933 6.78439 -3.30652 
-7.9507 7.33641 -3.24851 
0.795137 5.34688 7.34619 
7.8295 5.23572 6.07681 
3.01044 -6.98996 -4.7435 
-1.28634 -0.888335 1.76585 
5.37245 -5.47187 -0.154345 
-3.07025 -0.717612 -2.74899 
-6.32331 7.33131 -6.96072 
3.08669 1.97967 -7.0277 
-2.40827 -2.34106 7.74147 
5.69325 -7.62102 5.87869 
-2.01168 -3.16955 0.295643 
-7.67985 -0.503408 4.17481 
2.50584 4.95312 -3.44975 
4.54769 -0.279923 -3.87212 
5.21657 0.609479 3.9706 
0.974305 2.62084 4.47394 
3.89174 2.28741 3.17206 
-2.86039 4.66718 0.00124112 
5.32775 4.31234 5.97222 
-7.94335 5.21312 4.5569 
-4.10124 1.80087 4.46385 
-4.16234 -0.872798 4.53198 
7.60877 2.60209 0.723241 
6.77758 -6.1041 -7.81933 
-4.38588 1.33681 -3.52593 
-5.26394 -1.33286 -5.9092 
5.89538 6.29961 5.80263 
-0.507534 6.9493 6.24801 
7.75631 3.67228 3.50797 
4.93926 0.155533 -5.55443 
1.24578 -6.77786 -7.80867 
5.39784 -4.5839 -5.41854 
-6.73077 -1.90202 2.77033 
-3.22916 -6.23582 5.43035 
2.38259 2.24615 2.40986 
-5.98393 -6.92677 1.97687 
-4.37195 2.85154 3.32396 
0.666179 5.16691 1.39633 
-5.30637 -1.5881 0.514008 
-3.24902 -1.57818 5.71656 
-1.78572 -3.20665 -7.8375 
-1.81901 7.04063 4.75698 
4.37064 2.51142 -6.02687 
2.26509 0.825763 2.29034 
1.78834 2.92757 -1.11732 
-6.71579 2.31245 -5.04338 
