-3.3735 4.10079 -1.8575 
3.49686 3.12787 -3.12229 
-0.570654 3.11865 -1.24787 
-5.72166 7.41449 -1.79227 
-3.90467 -4.88773 0.463145 
-4.01495 -3.26814 1.59971 
-7.20505 6.1481 -7.98516 
-1.78366 1.30759 -6.41528 
-3.28456 4.871 4.797 
-6.07753 -3.70522 3.85267 
0.285603 0.036786 -7.75919 
0.674034 -0.524019 6.82042 
2.42891 -1.4421 6.21009 
-6.09935 5.91913 7.67652 
-2.50972 6.88428 1.03121 
-1.23374 -1.51635 4.55074 
-3.9235 -6.19916 -5.89902 
-7.39047 6.9571 -6.0001 
0.747005 -2.62047 7.00477 
-5.63394 -1.13692 -3.29934 
7.82762 -3.94357 6.91792 
4.87557 3.74308 -6.90534 
3.79256 -7.55098 -2.18415 
3.08491 -1.46061 0.839742 
4.99903 6.59093 -0.0307275 
-5.88693 -6.86255 4.74307 
-1.56559 -0.436156 -3.47721 
-6.36688 7.23015 -5.96188 
7.08039 3.8482 -4.90291 
-4.75486 5.79928 -3.78563 
-4.34828 -1.31536 -5.70299 
4.94419 2.74166 -2.21643 
2.52064 6.73184 -6.63094 
-2.50246 1.09777 2.40763 
-5.27619 2.70227 5.94488 
4.20993 4.74527 -1.55115 
-4.8581 -0.0940956 1.45426 
7.54693 5.0139 -3.66664 
2.18778 0.429542 -6.59619 
-3.69769 -5.22248 -3.29188 
-1.87387 -7.5696 -2.88461 
-6.73765 4.61158 -5.23397 
-1.73337 6.37886 -6.39893 
1.1826 -7.90371 2.74365 
-2.8792 -2.11258 -2.91512 
-6.13613 5.68884 -0.593227 
-7.89566 -2.46326 7.19823 
5.96326 -6.75504 -7.1165 
-5.44933 5.94432 4.61893 
-6.10834 -1.44271 -0.509178 
