-3.73884 5.39598 -0.657459 
4.82935 6.88665 3.65709 
-4.79236 5.61306 7.68471 
0.755867 -2.99579 -4.51995 
-3.43369 4.90914 4.68592 
0.0955216 -5.11926 6.72052 
-5.17969 -7.12013 3.5124 
2.02572 -0.712512 -1.64731 
-1.46364 0.31409 5.06438 
-4.23987 7.69558 -0.951766 
6.33547 -5.8791 3.65533 
0.172828 7.48757 1.53441 
5.05092 -6.55554 1.46629 
-1.42701 6.27924 -4.9754 
7.246 -1.47573 4.36611 
3.93972 -4.87306 3.01588 
2.09515 -7.6328 -6.79312 
5.52324 -5.74655 6.47046 
1.07088 2.93921 6.27657 
3.39331 7.00107 -7.90474 
-1.31303 -7.22306 0.882474 
1.36029 -2.81457 5.38545 
-3.19743 -2.51658 5.42014 
3.8026 -7.2247 5.7871 
4.00037 -7.49375 -3.92447 
-3.51247 3.101 6.4129 
-1.89094 -7.22247 6.8574 
-2.35138 1.8733 0.680436 
-3.4211 5.71939 2.60425 
-7.34434 7.37626 -2.19595 
-7.489 5.03371 -5.35878 
-4.71028 5.00336 5.94886 
6.3711 6.79443 -6.25102 
-0.484164 0.405319 6.31657 
-1.97902 3.3976 1.55323 
4.27397 3.41294 -1.59719 
-6.44815 1.402 -6.28671 
-2.45484 1.30334 2.3751 
-6.38379 -4.4246 -2.72538 
1.15306 4.94325 4.7722 
-3.79656 -1.44377 -3.79286 
6.81739 4.36737 7.14446 
5.87187 -1.68026 3.98498 
-1.17383 -5.05945 1.38733 
4.65322 -2.38361 -2.72984 
0.508723 5.82073 -5.7759 
-6.17432 7.13487 -7.4519 
-3.4811 1.20067 -7.84151 
-4.07502 3.64752 -2.59444 
2.92625 -7.86164 -7.05146 
