-7.89614 0.927135 5.2564 
-2.59254 2.98839 5.20971 
-6.77095 -5.1275 7.19225 
-1.44431 -5.86134 -5.59693 
-2.84494 4.56579 0.0868273 
-2.31615 -0.185161 5.37824 
-4.68761 0.970216 -1.18165 
-5.08174 0.574107 -7.96291 
-4.3025 -0.43665 1.51268 
-3.74675 5.34488 -5.38396 
-4.0846 1.62703 -5.32219 
3.24201 4.36353 -2.11979 
4.73122 4.79695 -2.30533 
1.02433 -1.43334 5.25754 
-2.00681 -5.41547 -7.23393 
-6.62465 5.11083 0.0788781 
-4.52157 6.74327 -3.41761 
-6.2492 0.0504703 -5.86138 
7.67338 0.0976716 7.6099 
6.32366 4.66731 2.07194 
1.55821 6.81671 -4.64268 
3.60833 -0.957155 -4.20964 
4.12921 -5.68038 -4.88918 
-7.19532 -1.00966 3.34834 
-0.257502 -6.91795 -7.45817 
-7.47709 -1.03252 4.49544 
1.75171 -1.90775 2.2432 
-0.300786 4.68297 5.30776 
2.69563 7.87419 -1.12191 
-1.37155 -3.12053 -0.2954 
-5.82154 5.69324 2.7275 
-0.0943904 1.99749 -1.3903 
-4.62117 6.29765 -7.93201 
2.61889 4.26844 6.10634 
7.23213 4.61447 2.35575 
7.69511 0.145169 -3.67896 
3.41236 -5.49967 6.39356 
6.60314 4.69695 -4.56624 
-2.96371 6.70607 -1.92938 
-0.836497 4.23521 6.64203 
-1.46059 -5.2132 -2.32479 
4.27908 5.95415 -5.84884 
-5.11178 -7.94836 -2.97295 
-3.49888 -5.32037 6.62447 
4.90544 4.51326 -4.10905 
-3.84186 1.93698 0.373354 
0.489715 0.978823 1.77712 
1.19852 -7.29157 5.79923 
2.93902 5.10642 -6.29557 
5.72168 1.00162 -1.37434 
