0.993135 -7.79608 5.27416 
2.98314 -1.56713 6.27992 
-4.15835 2.6327 -7.10056 
5.57318 -7.63748 2.60226 
-4.37663 -4.75868 -2.85705 
2.50298 5.59158 -2.61105 
-3.27969 7.37171 3.1326 
3.61056 0.419996 -6.3548 
0.418913 5.27496 7.75653 
-4.02963 4.8811 2.07388 
3.79122 -6.51435 5.60139 
7.12256 0.622986 -2.83714 
-7.67334 -4.69488 -1.58838 
4.9532 0.931563 4.03811 
3.19916 -4.98932 4.51918 
5.14636 -3.93513 3.18848 
-5.33379 5.59879 4.39217 
-4.95111 -5.91202 -3.17441 
4.70892 1.07162 -7.14434 
-4.07176 3.58861 -2.26323 
3.30078 4.97864 1.09834 
1.57823 3.15414 -7.18278 
-6.95465 4.42429 -1.3042 
-5.27348 -5.73301 4.10703 
-7.77361 -4.1671 -1.52241 
2.59278 5.84562 -3.85631 
5.02348 -4.16949 -3.46043 
0.894478 -4.90361 1.96232 
3.56554 -0.543011 3.93988 
-0.929573 -4.31552 -5.08484 
2.25656 2.76763 -0.899929 
7.02238 -2.96761 7.87496 
5.06604 -0.0622554 7.83846 
-3.8892 3.10734 3.15162 
-1.38321 -4.20363 4.05197 
0.435662 -3.33057 -6.30858 
4.74322 4.96539 6.9696 
-1.52019 -1.77082 -4.90199 
-0.0170459 -7.76356 6.09133 
0.408837 -2.30928 -3.13718 
1.8427 -7.27764 -7.96967 
1.15556 -0.521274 -2.75645 
2.55563 -3.23707 -7.3553 
-6.89057 -3.90308 3.10374 
2.5451 -7.0772 -0.372757 
-4.84222 7.00198 6.30268 
-1.07942 -7.30294 -4.23374 
-1.55391 4.56057 -6.34309 
3.54355 -0.703927 -5.96781 
-7.18103 -0.0201989 1.29698 
