-7.39583 7.02724 -2.40246 
-4.59655 -7.41803 -1.5486 
5.06115 -2.24957 3.26543 
0.708433 6.29537 -7.12282 
-6.53501 -1.58879 -1.26142 
-3.03737 2.56276 0.133954 
-1.69356 -5.70623 -0.860207 
-0.603386 -5.86299 1.04996 
0.101431 -7.96456 -4.29463 
-6.9788 3.80613 3.06171 
3.07952 -4.45127 -7.44487 
2.01041 7.8313 -7.66295 
-2.16555 2.8364 0.382435 
-5.28636 4.96934 -3.50138 
4.72015 5.7046 -5.00374 
2.35964 -2.91215 5.02917 
4.30982 7.69462 7.24392 
-2.07948 5.48702 7.5968 
-3.94412 -2.51991 0.626477 
-3.58389 0.92748 -4.34449 
-7.21503 1.44354 -3.04298 
3.5188 -4.23087 2.64215 
-4.12339 -2.92246 5.86318 
-1.02639 4.98142 -0.74146 
4.12753 4.41996 -7.48227 
3.02488 4.16485 -1.91092 
7.32734 -0.40042 -1.02482 
5.20303 0.415268 3.12456 
4.94867 -4.64185 -2.03938 
5.25796 5.07115 0.305117 
-0.919174 -7.21885 2.54817 
0.538428 4.72576 -5.07748 
2.63881 1.94108 0.176842 
3.86149 -6.34401 4.5998 
-0.842475 -7.07387 -1.67676 
-3.20471 3.55118 -3.66506 
-5.38554 0.529305 3.75412 
-2.07304 -0.562537 0.379272 
-0.0936175 -0.364723 7.27043 
-4.73807 -4.08303 2.29778 
4.43759 1.85613 3.98438 
0.596822 4.56846 5.95235 
-2.82592 3.74966 4.88879 
0.785013 -2.80952 2.21778 
-2.07399 -2.57232 -1.09049 
-0.999633 3.23346 7.00011 
-2.25723 -0.312669 3.48293 
0.378957 4.77574 7.64794 
-4.13632 5.96654 -4.49179 
-6.59521 1.87267 -7.60583 
