-2.49696 -4.94974 3.21468 
0.422206 6.90007 5.76196 
6.70379 -6.75583 3.70893 
-6.3299 -7.2392 2.02536 
0.484153 7.58858 3.57027 
7.42029 -5.23885 7.99766 
7.98185 4.90549 1.94859 
1.70279 -1.16114 4.3184 
-2.91258 -2.13069 2.28702 
0.214541 -0.535002 -0.772228 
-1.93209 -6.653 -2.27566 
7.62433 7.56159 4.43733 
-5.00265 -2.2322 6.93866 
5.96909 7.49679 -3.09239 
-3.20232 -3.21822 -5.12798 
-2.79217 0.315765 7.9253 
7.04121 7.88309 5.51309 
-3.0488 -2.20857 0.334144 
4.97273 3.48277 4.21176 
6.68396 2.73006 -1.31668 
-7.9243 -7.51816 -0.726718 
6.83481 -7.92777 -7.36466 
3.76948 4.52964 7.94427 
5.98841 -2.24378 -3.55824 
6.38397 -6.15884 1.98457 
-2.27311 -5.05298 1.84181 
2.9275 2.41586 4.78458 
-7.42427 0.431555 -0.846197 
-7.37572 2.41806 -6.29781 
5.67028 6.61264 -0.212975 
-4.71728 5.29969 -1.45234 
-1.20657 7.65514 4.31298 
-0.309053 7.12132 -5.57121 
-5.7711 6.86491 6.36513 
-3.63672 3.66961 -3.589 
-0.599372 1.89002 -2.99176 
-5.83276 -7.96044 -6.63291 
-6.36387 3.01662 1.7134 
-5.32446 5.35576 -4.017 
-6.58193 -6.39621 6.97824 
-3.61964 -6.15318 6.51952 
6.78691 -3.76117 -7.00305 
3.91032 7.24862 -6.18091 
5.3935 -6.26354 -6.27144 
0.205586 4.6085 -6.09839 
-3.84771 -2.33795 -0.920543 
1.58093 3.91261 2.24169 
0.763685 6.36759 -3.3632 
-1.49077 0.919573 0.197521 
-6.04233 -7.94507 1.01521 
