5.43094 3.0577 0.271188 
1.29155 1.91111 3.8826 
-4.2468 -4.99875 -4.72576 
-0.983677 4.99435 -0.655981 
0.87387 5.24625 3.01479 
-2.14336 4.36318 -2.21295 
0.334201 -4.88419 -5.51718 
-4.629 -1.90844 2.99636 
-5.67496 5.7875 -4.74485 
-3.09008 -6.22525 3.09784 
2.59716 -1.85814 -4.76112 
6.20098 -5.40849 5.84466 
4.96162 2.06139 -1.53214 
-5.34758 -6.29874 6.25335 
1.84846 -6.08216 -6.4793 
3.66813 -2.86404 2.67081 
4.27426 -1.76811 -0.58214 
-3.60449 -2.33225 -5.79105 
7.03964 -1.33356 -4.73713 
-0.075155 -2.17666 -6.93139 
-6.66392 -5.79685 -7.05184 
-5.65961 5.04028 0.813968 
-1.76449 -4.79017 0.439324 
1.43946 -6.27894 -7.85773 
5.59484 2.29009 2.23285 
-6.87224 1.64781 -0.631674 
-0.539445 1.03844 4.89245 
5.11985 0.638241 4.64672 
2.044 7.63172 -5.74233 
-3.53763 -7.63107 2.90751 
7.30444 -2.68445 -2.89126 
2.77327 -1.23972 -6.90132 
-5.18516 -6.96153 5.09879 
-2.24516 1.87056 7.20235 
-7.24198 3.56754 -1.22245 
1.64836 -1.52188 4.91823 
4.0285 -0.281112 1.80519 
-4.16373 -1.89831 -3.25411 
-5.14364 -5.63546 3.21334 
0.80709 -2.11445 -3.64501 
5.36883 -6.93038 -7.59331 
-1.68737 6.16518 -7.84682 
-3.22545 -5.8988 7.42562 
-4.021 -6.57448 0.205213 
-0.891789 2.2032 6.93525 
-2.9582 2.86339 -3.58292 
7.86438 6.50554 -2.27342 
-6.15737 -6.9166 -6.4718 
-0.87967 -4.69544 1.03781 
2.60339 -6.82119 0.349441 
