-3.16597 2.79914 -0.277693 
7.09541 -6.19964 0.0964014 
1.57458 -0.628732 3.34685 
6.36272 4.03912 1.62512 
-5.77677 1.24474 5.94784 
0.210695 0.907334 2.86071 
-2.51272 -4.80857 -7.01172 
6.72175 5.51745 -1.07972 
-4.14162 3.21411 5.96713 
2.45323 -7.80568 3.71272 
-0.444139 -3.27889 -4.07051 
-5.4366 1.7531 -1.08216 
-1.7411 -4.49217 -5.9133 
7.90238 -2.73484 -0.336445 
-1.30186 6.97905 3.71521 
-0.194326 4.10778 -1.56509 
6.73383 3.68723 2.73733 
7.36358 -4.68517 -3.85001 
4.6954 -6.70839 -1.12203 
-5.43906 -6.35151 -1.26982 
-6.18335 -3.65473 -2.01631 
-3.21015 0.210767 -4.21305 
-2.35871 6.46613 0.687983 
-4.84429 3.51423 -1.40816 
-7.09148 3.2992 -0.917902 
1.19317 -2.06305 -2.3207 
-6.28013 0.532111 -6.57616 
2.22972 3.37431 0.403818 
1.81651 -1.82698 2.79483 
3.2286 -0.0549053 -5.1665 
0.783418 7.79164 6.98257 
4.72207 -5.05592 1.53729 
3.70794 0.318531 -4.10648 
2.82527 -0.192398 7.32532 
-3.09251 -3.38085 5.38469 
-1.45297 -5.15635 7.00352 
-2.64096 -4.83476 2.50872 
-0.947896 4.1055 6.49224 
-1.57888 -1.87411 7.70086 
-0.773099 7.31814 2.3577 
7.31172 7.46136 -3.53701 
-6.45459 -6.41755 -0.679025 
-3.59644 6.14607 0.965986 
-0.844555 7.83758 3.78168 
-6.27006 -3.49509 -5.95469 
-4.91834 5.1127 7.40408 
-2.2494 4.13447 -1.77532 
3.72516 0.622125 -6.50516 
-3.58452 -0.125119 1.13534 
-2.91359 -4.47223 -2.09949 
