0.860571 -4.14383 -2.70723 
-1.8833 1.15323 -5.85949 
7.93338 1.07523 -5.45565 
-4.65581 3.27835 7.54225 
-2.94645 7.62969 -4.13677 
2.45096 -0.437663 2.29079 
-5.52489 -0.42639 -0.633361 
-5.17639 -7.28497 -4.40688 
4.33779 -0.76311 2.32753 
-7.52144 3.45744 7.61683 
-1.14421 2.27332 0.224153 
-6.80039 3.68183 2.01301 
3.41172 1.29583 3.97421 
-5.32256 5.08314 2.0033 
4.44691 7.97977 -0.0409273 
2.74992 0.282273 -0.0482139 
5.66925 6.00178 -3.358 
-4.72649 4.59898 -0.427092 
1.28548 1.85875 -0.682854 
7.84053 6.56547 -7.8902 
-7.08199 -3.04024 6.23387 
0.529302 7.36002 -4.95125 
-3.76837 4.01964 3.21354 
-2.2438 -7.03971 7.13095 
-2.14875 4.32489 4.1804 
-6.69451 4.3443 4.63026 
7.72575 3.19272 -1.13318 
-2.31853 1.01735 -3.07256 
6.48787 7.66081 5.26492 
-5.93886 0.999507 -1.12021 
-2.21051 7.07234 -2.95044 
-2.79751 -6.07535 7.11591 
5.05153 -3.31518 -1.09572 
3.75752 6.88149 2.72193 
-2.11118 6.75642 7.48389 
7.64532 -4.61 -7.11413 
3.01374 2.83443 -6.49235 
-2.05556 -6.48745 -2.94463 
5.75875 5.41378 -4.91695 
-4.92214 0.871373 6.99885 
-3.68138 4.38468 -0.734054 
-2.56416 -6.11466 -4.31507 
5.8443 -0.497714 -1.69896 
4.42578 -7.86348 6.38864 
-0.523806 -0.321046 -4.3098 
-2.44423 5.07364 -1.68679 
7.11563 1.03061 -5.39882 
-0.854066 6.32282 -4.45475 
5.93053 3.17276 -0.614657 
3.66047 4.92724 2.96634 
