-2.98787 -5.09011 4.14517 
6.84529 4.00739 5.60956 
0.662608 2.1136 3.97333 
0.907437 -7.93312 2.49701 
0.225037 -1.89888 -4.50387 
0.443502 -4.86302 -4.65061 
0.816844 -7.12052 -1.88641 
-7.95214 7.19637 3.12249 
-7.86053 -2.81803 -2.4477 
-5.74116 4.1003 0.621875 
-0.178946 2.84151 1.26429 
-3.74543 -1.01735 -1.52397 
3.76359 4.87345 -7.57883 
-5.62129 -0.991075 6.56165 
3.23445 2.29958 -4.60081 
-5.466 -3.59844 -2.68352 
-0.861174 6.62437 -1.57352 
-6.46804 -1.46523 6.07781 
-6.38116 -1.87394 2.74546 
2.57612 -2.31393 -5.87768 
1.70754 7.03759 2.67594 
4.32388 5.25519 -4.87681 
1.5411 -4.47328 1.61285 
5.97226 2.09401 -1.7634 
7.08137 -1.8005 -4.75615 
0.675458 0.870281 1.74674 
0.624457 -7.25624 6.27083 
-5.12313 7.30306 3.94047 
7.8908 4.57475 -5.87847 
-2.43954 5.27993 1.59049 
-0.51274 -2.23032 5.33371 
-2.69454 -5.92199 0.435867 
3.70257 7.11094 7.31928 
2.0443 -2.15653 -7.72158 
-2.38257 -5.5397 6.06948 
1.27744 3.25734 0.153048 
-6.24425 4.49138 -0.426194 
-7.68191 7.33794 4.31148 
-4.63924 -7.35806 4.68435 
-7.93764 2.58875 -4.76513 
-4.02516 3.15321 7.7722 
4.95665 6.37412 4.47896 
0.250004 -0.113825 1.06621 
6.49618 -5.24073 -2.88452 
1.03469 0.470466 1.11028 
3.77442 -4.79577 0.146982 
4.98088 5.93208 -3.65768 
7.49166 2.00852 3.87912 
-3.1766 -2.06445 5.94586 
-0.987035 5.03309 1.23786 
