-7.02151 -6.01851 2.1643 
5.5831 -7.56383 3.25672 
-5.76089 -0.487184 -3.05423 
-7.95024 -7.41741 4.4866 
6.20107 -2.86362 -1.24737 
-4.57458 2.857 -3.91417 
2.00077 -5.14505 -5.45451 
-3.12599 -1.63736 -1.22775 
3.36951 -5.86495 0.38231 
-0.612485 -6.28334 5.56216 
4.11038 4.77052 -0.143939 
-1.00272 0.453227 -0.92702 
-2.43818 -0.44438 -2.37237 
5.14299 -1.72679 -6.15262 
-0.9318 -2.90865 -1.13381 
-2.04508 2.98015 1.73855 
6.28076 4.61106 5.41781 
4.86697 7.98803 -0.991533 
4.74087 4.01371 7.65756 
-5.28703 7.77293 -1.52926 
5.53096 1.65524 -4.41505 
-6.38489 0.592875 0.718988 
-5.51334 6.0095 1.28414 
4.27177 1.82924 -1.41448 
-2.4293 0.275695 2.89084 
0.62442 -2.80322 3.13214 
-6.29457 7.24331 7.57711 
5.36155 -6.04702 7.08117 
-4.9263 7.28573 -3.58688 
2.26597 1.31096 -4.97054 
-3.25687 -3.51966 3.45967 
-1.81361 5.75881 -7.67885 
4.441 6.89284 2.86688 
3.2669 0.189077 -7.08788 
-0.670281 3.54085 4.96056 
-6.82869 7.24268 6.45664 
1.52376 -6.8265 -5.09671 
3.05172 -0.139566 5.83111 
6.49597 -2.99526 -4.87713 
-3.08196 6.13158 -2.82633 
-3.44655 -1.87267 7.82643 
5.12841 2.3589 2.67073 
-3.36848 3.99084 -4.18367 
4.43619 -2.47984 -2.32142 
-4.58088 7.59293 1.80149 
-5.30498 3.18225 -0.733339 
7.23147 1.41655 -5.22916 
7.67073 -7.22882 -7.11469 
-4.16919 -1.19042 0.274282 
-5.83209 -7.66195 -3.02083 
