1.49153 -0.950523 -0.093022 
-2.89831 -0.448866 2.02495 
-5.13385 0.608041 2.71449 
0.194906 -1.58887 2.99338 
-0.77774 -0.280613 1.50235 
7.87745 -5.33008 2.47834 
-5.05876 2.68576 -1.1386 
0.591322 1.35607 -0.670342 
-4.21391 -7.05049 -2.91709 
-4.96357 -6.61958 -2.92667 
-6.98114 -3.0014 5.75875 
3.04597 -3.38125 3.99075 
-2.39376 -3.61189 -2.13644 
3.86997 -5.89302 -1.68111 
-6.50889 -1.07598 7.06542 
6.51441 -0.585916 2.03883 
4.5534 6.1274 -4.0203 
6.25981 -6.13156 -3.23088 
3.06543 0.149214 -6.66102 
-4.16344 3.52642 7.20278 
4.5541 -2.97424 -7.34439 
-6.3213 0.81926 -6.6309 
-0.934157 3.06236 -1.10339 
1.27775 2.30136 -6.19369 
4.11218 -0.366477 1.28615 
-7.12677 -2.13641 -2.82416 
-5.1601 -5.57615 -0.113604 
-7.10473 5.08664 -6.43197 
3.9152 3.24666 -6.0171 
5.2788 0.460331 -1.1815 
-5.65895 4.43146 3.00697 
-1.92424 3.80342 -4.67784 
6.33617 -4.97221 2.96772 
-0.136293 3.11078 4.69154 
-7.59405 2.28001 7.52699 
5.69828 1.38115 -0.491868 
-2.32899 -3.9141 -1.45063 
1.0262 0.375311 1.13356 
-2.00494 -0.85566 7.12318 
6.64006 1.48446 -6.44985 
5.64443 -4.46716 3.9519 
-3.22393 -2.53914 3.25716 
-2.47194 0.938267 1.80851 
0.654069 4.87855 -0.0850094 
6.61012 7.86559 3.79663 
-1.95937 1.71601 -7.32519 
-6.64725 -5.68074 3.85881 
-2.4852 4.74966 1.88947 
2.46007 7.81575 2.38078 
3.11221 -1.79003 7.23121 
