-2.54424 7.14581 -6.21231 
4.83885 -4.64349 7.63173 
7.17395 7.48526 7.63577 
2.73607 -3.89781 -0.545314 
-2.10558 2.34929 7.06994 
-4.72325 6.13563 -1.24955 
-6.47777 -0.324476 -2.2891 
7.32266 -1.66018 -7.42528 
7.11346 0.359251 2.28627 
-4.99544 -4.12191 -6.13527 
1.69657 -0.548286 5.73794 
-4.58323 -6.62646 6.5765 
-5.68099 -5.06411 -6.05912 
-5.25396 7.04407 -1.41551 
0.814972 -6.83948 -4.35863 
6.69941 7.66644 4.50694 
-7.1985 -4.46242 -1.89516 
-3.05529 -5.02878 -1.30456 
4.83548 2.18763 -5.83074 
-4.83402 3.61289 7.78176 
-2.01192 -0.438974 -2.74574 
7.55378 -0.317878 -6.31471 
-6.76811 -5.09979 -3.74899 
-4.82786 -3.11767 0.652559 
-7.77012 -2.47818 -6.0746 
2.53452 -5.90754 5.50232 
2.07395 5.42225 -6.64537 
5.62208 -6.6383 6.62272 
-6.63906 1.5097 4.27346 
-7.60924 -6.8788 -3.40621 
-7.82338 0.895273 4.13639 
-0.361883 -6.66448 -1.15161 
-0.687524 3.6079 2.43572 
6.22852 1.62713 7.30343 
-2.03443 -3.65351 -5.53752 
-0.58759 -2.99416 4.89881 
6.52047 -1.66306 7.25359 
3.90507 -3.23711 1.52868 
4.3631 1.33911 -0.86172 
-1.22365 1.58532 -3.58353 
-5.88076 -5.96685 -7.25552 
5.29271 -3.17234 4.14541 
7.06005 -5.67454 -1.34328 
-2.24641 1.55243 2.44817 
-3.14859 -6.48064 0.0280025 
-7.66284 2.94795 4.60348 
4.56123 -1.67644 -3.02357 
-4.36979 1.27786 1.09716 
-4.9297 -1.43896 2.94901 
2.54808 -1.33623 -7.94584 
