-4.83819 -6.05379 1.48577 
6.98718 6.10834 -5.86654 
-4.08526 5.28424 0.604685 
-3.36561 -4.00505 -3.75954 
-4.26616 -2.33425 1.51553 
-3.16106 0.0566168 3.12711 
-3.67101 6.56238 1.13989 
-3.188 4.71311 6.26763 
-3.00624 -6.38254 4.21067 
1.0832 -2.18362 3.29127 
-6.94722 1.13845 4.11071 
-2.9161 -3.22108 -7.38172 
4.41789 -5.69022 7.89271 
-5.83631 -3.69127 -6.04206 
-0.514653 -7.98733 -2.18048 
-2.83537 1.54878 7.40977 
-2.22532 7.30156 6.37857 
-2.79632 -5.2339 -6.27755 
-2.75641 -2.1844 -6.90044 
-3.14049 -0.843052 1.20402 
-2.76617 -3.63843 -5.43872 
3.6407 4.00987 -4.62631 
-0.168261 4.61902 -1.91437 
-7.51542 -5.88038 -2.37016 
-6.02631 -0.696859 5.54666 
5.5698 -7.39279 3.08106 
2.22167 2.55872 -1.69405 
-2.12935 -4.22522 6.50527 
5.01426 5.94211 7.15004 
-2.81531 3.9761 -7.59854 
-1.2263 0.345554 -5.45392 
3.76414 3.79592 -3.9991 
7.21924 5.78268 4.6444 
-0.947721 -0.323749 -1.69276 
-5.52965 -5.63174 4.41769 
2.52242 6.16275 -6.60551 
-4.57134 3.87917 -3.59931 
-3.23011 -7.35098 -0.83672 
-0.367752 -2.25653 -6.47356 
-4.51137 -3.26695 -5.03183 
-4.32229 -7.04148 -5.86759 
-4.1996 -0.42178 5.18275 
-1.52788 6.25877 6.11896 
6.6785 -3.50076 1.4471 
-0.446378 0.218504 -7.68992 
4.60125 6.89655 -1.58044 
0.592257 -6.03443 6.62714 
-7.64979 -7.74097 6.02137 
4.38395 1.37905 2.96067 
4.88591 0.978773 -0.786192 
