2.3941 4.39461 7.37668 
-3.16144 7.97204 -7.52934 
-7.85566 -7.71437 -1.02497 
-4.35507 -3.2308 -0.930789 
-1.3005 -6.44973 4.12797 
-6.65419 3.85022 -0.886007 
3.00662 -6.5137 -4.49733 
6.242 7.95985 6.65297 
3.55985 2.2316 0.616195 
-5.21329 3.91761 7.45327 
5.88158 -5.74019 7.29033 
-0.0197892 -5.16206 0.4357 
-7.11745 0.970241 6.45482 
4.63184 6.48021 4.09396 
-1.74501 -6.72097 2.2397 
0.61468 5.31451 -0.0388763 
-4.54958 -0.0492458 3.55042 
7.83448 1.99589 -4.68364 
-7.34628 -6.78256 -7.85744 
4.46665 0.248401 4.22202 
-7.87454 -1.77657 2.86633 
-0.0760681 3.83211 6.49927 
-2.77265 -6.04066 3.51969 
1.57637 0.00788401 -7.39165 
-2.30018 -5.98449 3.41889 
-7.12499 5.46171 -3.26319 
4.4746 3.61213 6.9419 
0.608316 0.896363 -5.97225 
6.62896 -2.66977 -7.00407 
0.209696 -0.064351 -3.12427 
-7.68728 4.09207 -7.6144 
-6.35913 -0.5644 6.82416 
7.06904 2.86748 5.14188 
-1.93965 3.68335 -0.0179331 
-5.55536 -1.39069 4.17969 
-4.05705 -7.05645 -2.47733 
6.14623 -0.29165 -7.01216 
3.04066 -6.78279 -6.1307 
-1.89378 6.85621 1.48823 
-6.01328 1.59638 5.35763 
3.16234 3.50862 -3.40371 
0.293781 -1.13442 4.24847 
0.642358 -1.88326 6.02231 
-5.22093 1.42212 0.0665677 
-4.84407 5.63186 -6.61165 
3.72727 7.17008 4.17147 
-0.894278 -4.51031 -7.76838 
2.22432 4.78946 -0.657673 
-0.960167 6.15249 1.60704 
-2.52592 2.70707 -3.63084 
