5.76355 7.53204 7.565 
-3.84976 -1.07354 0.241343 
6.81103 -4.49666 -0.965758 
-0.173796 0.439427 4.12893 
-0.392717 7.51779 -0.82059 
5.34441 5.81727 -0.989391 
6.81015 5.04796 -7.43967 
5.03804 4.42746 2.0672 
6.87829 -1.11078 1.33867 
7.69591 5.01254 -5.16288 
4.06864 4.93171 -3.58238 
0.626313 -1.3304 7.84769 
-5.25664 3.06159 2.46231 
-6.03246 4.44323 -5.79126 
5.12902 -6.55751 0.31293 
2.99987 -4.10632 6.31283 
0.486634 -5.65668 7.98036 
-5.36479 -0.0894798 -2.87995 
0.778334 6.48678 7.83762 
-3.27389 2.04416 5.80137 
-1.68795 6.37155 0.633973 
-4.94052 5.38848 -6.70977 
4.18679 -1.90871 3.01572 
5.10204 0.180769 -6.27754 
7.3352 4.45137 -3.98963 
6.29141 -4.70121 4.95079 
-2.73659 7.39596 -2.18861 
6.88319 -3.32592 -0.497173 
4.83938 -1.86239 -2.04667 
-6.60388 -1.53317 6.05268 
2.8688 5.36986 6.91645 
-2.25814 -6.70372 6.19818 
-6.11701 5.80275 -3.05247 
6.43224 2.55649 -0.762769 
-6.90209 4.41472 -0.980562 
-4.58743 -5.52882 -0.0280795 
-2.30678 -5.95473 0.944768 
-7.40903 -6.58883 4.63943 
-1.78871 2.67921 4.90941 
-2.76069 -6.83959 6.51702 
0.128266 1.22882 0.93454 
7.52573 3.68518 -1.17306 
1.75131 -7.33429 6.14899 
3.8451 -0.444083 3.66859 
-7.98255 -2.95656 4.5412 
5.82662 3.47636 -7.93818 
2.55252 5.86128 5.56058 
2.6078 3.99941 -1.8318 
2.2011 3.37434 2.83864 
-5.7948 2.9602 5.4634 
