4.11739 -6.09433 -0.419234 
-7.61479 -4.61578 -3.68631 
0.913593 2.15159 7.83043 
-2.64656 -4.68824 -7.09078 
0.824663 6.84336 -6.28596 
-1.67893 -7.19067 -7.23689 
5.95027 0.356307 1.29084 
-0.601618 7.72969 3.87717 
-6.21385 4.18075 5.98346 
-5.17982 -0.0277518 -5.77789 
-3.35847 6.00055 -2.47786 
-7.51965 7.40003 5.63041 
1.78098 -5.84209 -5.6005 
-5.53954 -4.21918 6.74293 
-2.68938 7.45209 -3.42647 
-1.50739 -1.06784 0.269305 
6.48754 -3.92751 7.6836 
-7.79422 5.62551 7.83617 
4.78308 4.83251 -4.20081 
-2.52761 0.966897 -2.7313 
-5.23518 7.1752 -6.46171 
-3.12669 3.46112 -3.78071 
5.51667 4.92833 -2.23988 
6.89169 -6.95774 -3.08398 
-7.482 -7.77008 0.467392 
2.93629 -3.5222 -4.74751 
-2.39669 -4.81875 -5.62938 
-0.228677 7.80971 7.81597 
-2.38037 6.56895 -4.46038 
-6.31545 3.70839 -0.136864 
-6.13497 -7.03409 -3.89592 
2.96256 -4.4291 -5.67761 
-3.04676 6.81136 7.17036 
-4.0517 2.63015 7.4466 
1.07289 -0.899215 3.60667 
0.484225 3.8928 -2.93466 
-0.552364 -2.09426 7.69734 
4.81385 -5.51278 -5.81973 
3.65343 -3.92855 3.31808 
-7.31973 -2.5064 5.88361 
-1.36921 3.73434 -5.17407 
-5.27009 -1.08055 3.69581 
-1.49272 -1.6639 -1.31326 
-3.03128 3.103 5.48824 
-4.99339 -5.50953 1.69806 
7.63085 2.03113 -0.135305 
-4.41191 4.35041 1.34317 
2.69832 -6.44005 4.32226 
-7.25728 0.715566 0.931887 
-0.434037 3.41969 -0.464597 
