-0.257789 7.90643 -0.693509 
-4.26528 -7.99811 -6.34038 
2.13253 -0.772922 -2.70808 
6.52195 -0.452417 -3.42422 
3.18326 -1.32901 1.38733 
-5.38983 -3.52696 6.24592 
-2.69764 -4.41718 -3.79642 
-7.86013 7.36194 -0.325872 
-1.99311 4.57281 7.72874 
0.357341 6.51086 2.12506 
-3.70681 -3.10302 2.32245 
-2.52776 -2.94605 -3.16139 
-2.43111 7.10492 -0.16802 
1.08696 -5.25673 1.2902 
2.1445 -3.06032 5.56435 
4.01341 6.45674 -1.47926 
-5.48528 -0.350508 7.47144 
-5.52517 7.59352 -3.50922 
4.53259 -6.24722 -5.1375 
7.46112 4.36956 1.17845 
-7.513 -1.05983 -1.69171 
-5.78322 -1.48382 -1.70904 
0.189078 -2.39804 -2.71199 
0.968829 -3.07391 -4.66596 
-2.59071 2.45775 -5.47255 
3.70063 -2.97683 7.29738 
-0.242277 -5.3685 -7.91918 
1.25074 4.66766 -0.0223768 
2.52493 1.23558 6.51892 
2.67798 0.723577 -7.6558 
-0.193097 7.4939 6.15664 
2.40517 -1.89915 -1.32943 
-3.08431 -2.03712 -2.78124 
4.29143 -0.261542 4.36189 
7.10267 -6.14239 -7.44605 
4.08693 -7.82012 -6.4786 
0.335143 -7.93262 7.34697 
7.34279 0.852031 -5.05003 
-2.23379 1.44143 5.78599 
-2.43151 -3.31249 -2.72254 
5.34606 -4.88474 -5.60945 
4.70578 7.29059 -4.45958 
-3.53968 4.02169 2.35889 
-4.04617 1.54827 1.74965 
-0.615274 -4.49697 -6.93964 
-7.42025 -5.83587 2.54745 
1.91233 -6.83126 -0.718469 
4.26211 1.46171 5.99982 
2.4954 -1.41989 6.17477 
-2.66015 -5.22169 -0.753859 
