-4.97774 2.3843 1.27056 
3.21529 5.73362 5.09739 
-3.01844 -5.92134 -5.39764 
-4.33765 5.30922 -5.24574 
0.903699 7.31419 3.68639 
-2.05612 2.69234 -5.32041 
-1.4206 -3.31471 4.97879 
-4.15914 -3.45492 4.34161 
7.85697 -0.184274 -4.26223 
-2.37168 -1.47912 0.652869 
2.38264 -3.40002 -4.41245 
6.45773 -1.86162 6.69908 
1.38005 1.55825 -2.03908 
-1.78209 -4.09537 6.20642 
-4.36091 6.60994 -7.05116 
4.71482 -3.13404 2.21307 
2.5358 -4.67833 -7.31774 
5.86283 -1.74859 -1.82757 
3.82917 -0.900967 -2.21869 
0.542817 2.30183 -5.21087 
5.77421 -0.15933 -5.57751 
-2.62276 0.138864 -1.7872 
0.666695 -1.73251 -4.54476 
-0.00233424 4.62779 0.246973 
6.40563 5.31898 0.725006 
-2.70783 -4.31744 1.98199 
2.75231 -0.243168 7.67975 
3.81318 -3.62272 0.9443 
6.00381 -4.23094 7.90379 
3.75311 6.27922 -0.473398 
2.94332 -0.268044 -1.49006 
2.70717 -5.42104 6.62841 
-2.1875 -3.80952 5.5951 
-7.66086 -5.31839 -7.27393 
6.64215 -1.05737 -4.87365 
-0.344108 -0.95354 3.43893 
1.54582 -0.587183 -4.30169 
1.16449 -3.42327 -3.69772 
-3.26325 -3.20655 4.08443 
2.67241 -6.37704 -2.39188 
-3.30719 -5.20743 5.63094 
0.785843 5.09858 -2.83287 
-3.50821 1.82032 7.6084 
-6.95887 -3.20187 0.93186 
-1.67745 -0.281454 7.74501 
-5.70805 -0.862804 -5.41995 
-6.75239 3.19026 -3.80928 
7.20529 7.36066 -7.79502 
-3.85474 3.29258 3.34245 
-0.697795 5.35404 6.21423 
