-5.36526 6.21515 2.06759 
-5.17972 -0.942668 -3.29074 
0.159702 1.70732 5.17088 
7.95729 -3.54499 4.17617 
-0.97803 1.65195 4.00995 
-2.07608 0.800222 -2.81599 
1.64015 -5.27931 0.444417 
-4.80418 -5.5382 4.04088 
-3.12716 1.02265 5.76518 
2.74333 -2.31816 7.50969 
-2.03579 1.55539 5.11155 
-7.39767 -3.84825 6.45532 
3.66443 1.22013 -7.74838 
-1.23237 1.09283 7.66926 
0.822637 -7.6259 1.49268 
-0.2518 6.85727 4.81395 
6.1293 0.971197 7.65944 
-0.107137 -5.79731 1.09524 
-2.9548 4.31008 7.76511 
-1.46378 0.131971 -3.54022 
5.01209 -5.42004 0.0616629 
1.19959 4.09442 -2.81471 
6.50182 -0.724143 -4.01287 
-6.18336 -0.797927 -6.50307 
-2.50061 1.64234 3.95597 
-0.726195 -0.815946 -5.67045 
-4.56747 6.4733 -0.823362 
7.67401 7.08601 -0.329539 
-1.43023 -4.51981 -0.472517 
-2.02219 -6.92886 3.57233 
4.92446 7.41993 -4.40328 
5.82783 -2.22774 0.13112 
3.59596 -3.04381 2.90405 
-5.30117 -4.37314 3.17896 
2.60241 7.41833 2.71418 
4.63112 5.82816 0.771016 
3.67847 2.94765 -1.88943 
-5.29709 1.72735 -1.99361 
1.20306 1.66675 -5.29306 
-4.43832 -3.298 0.543744 
2.65264 -4.44474 1.01406 
-1.26928 -5.43227 4.32471 
-2.09768 -7.83516 0.916405 
5.98488 3.51767 -0.782794 
-4.6354 -1.1627 -2.33427 
-3.3395 -0.759075 -4.96164 
0.796165 4.45303 0.936575 
3.4842 6.79483 -5.34787 
4.17889 5.69409 2.50461 
-5.1245 -1.23468 3.12473 
