6.56091 -7.42232 5.60989 
6.15785 4.11821 -7.09 
5.1585 -1.35506 -3.41485 
-1.19987 5.50986 -3.2583 
6.89643 6.40175 3.90939 
2.80693 7.71557 3.07098 
-6.64097 6.28362 1.95337 
-2.63056 0.312478 2.37764 
4.21338 -1.76143 -4.5149 
3.85343 -6.91754 -2.91885 
3.18238 -0.724434 -1.02355 
6.49852 -7.12511 4.39283 
5.59492 2.15597 -0.646221 
-0.959759 -5.64189 3.45856 
-7.92808 -2.86281 4.94005 
-5.21306 -3.64047 -1.39305 
-0.0491697 3.35233 -6.83635 
6.42049 4.70735 -4.54789 
3.79149 -0.429849 -7.71676 
-1.04756 5.38105 7.03218 
3.52304 -0.310751 -4.86042 
2.19822 -5.91181 -7.03471 
2.26719 -4.12738 -0.147251 
3.58914 -4.18375 3.71654 
4.93065 -5.23121 -6.6568 
6.92587 0.212168 5.81583 
3.42813 -7.81188 1.22754 
-6.36678 2.39913 5.24715 
3.23659 3.58468 -7.3023 
4.21286 6.33692 0.47218 
5.04587 -1.84079 -7.01103 
1.39326 2.86982 2.28092 
6.60665 2.34181 -1.59473 
-6.70526 2.4725 2.36793 
-0.62368 -6.17725 -0.92214 
6.66349 -0.978977 3.82206 
-3.05901 -6.69519 4.43884 
-3.10779 -0.665822 3.8026 
-3.93357 7.40468 1.13571 
-6.84794 3.5781 -0.0439592 
-3.86089 -5.34959 -3.05189 
-4.67663 7.59533 -0.517424 
-1.64161 0.221821 7.70041 
-2.56504 6.97308 5.12239 
4.57669 3.43747 -2.01274 
6.57481 -7.42198 7.77629 
-4.24921 3.77516 1.82521 
-7.82667 -4.24306 3.34408 
6.40549 -7.02569 3.17254 
3.74749 -4.2589 5.69845 
