-1.52749 5.31344 -0.489122 
7.58524 0.900616 6.40215 
2.47698 -1.99984 6.56229 
-3.07065 -5.50792 5.46818 
-5.16856 4.97553 1.45628 
3.0272 -4.04093 -4.32463 
7.35034 1.05904 3.75461 
-7.47317 3.86069 -1.9807 
-5.62698 4.73833 -7.56722 
-6.7591 0.0357162 0.542331 
-3.0763 4.36825 -1.56751 
-0.402086 1.91575 -5.75829 
-3.65315 -3.42275 -0.487495 
6.20002 -3.91921 -6.85283 
-7.51911 4.21124 -7.15301 
2.85252 7.03847 2.76403 
5.56591 -4.6364 4.86578 
-7.79911 5.35774 2.86602 
4.23372 6.48757 -1.40867 
-1.23615 6.84432 -6.47821 
-3.88982 -3.10069 -2.45663 
7.47538 -1.1826 6.79673 
7.36866 -7.03501 -7.84561 
-6.70145 1.04172 2.0545 
-7.16528 -7.3026 6.27794 
7.93596 -7.5308 0.458168 
-3.20874 4.88801 3.3533 
5.63525 -1.91973 4.18228 
0.733841 -2.92466 2.60313 
-0.849984 -1.65877 6.14924 
1.85696 1.04333 2.22207 
7.64083 -7.16336 5.40674 
7.92367 3.28015 5.45633 
3.97977 1.32652 -6.6629 
-4.57567 1.55205 -3.5244 
2.10137 -3.78809 -2.08322 
-5.81814 -1.09157 -2.09341 
4.71537 5.14815 -3.64435 
-2.60481 -7.13522 7.21897 
-5.70605 0.238415 -3.78805 
6.14635 1.79893 -5.9628 
4.28775 -3.97887 5.46237 
3.38344 -4.05225 3.35947 
-4.22652 -0.654703 -3.2554 
-7.90327 0.717087 -5.43154 
-3.07189 3.91909 0.994416 
-6.93834 -6.36371 3.85644 
7.1466 5.36023 -3.31615 
-6.3779 -7.08421 -4.8439 
7.54048 -5.60795 3.57381 
