1.05776 7.66299 -2.00793 
6.46728 5.15026 -7.50464 
0.726595 -5.14995 6.34984 
4.03662 -5.03113 -2.90965 
2.46671 -0.00143838 3.05711 
2.49774 -4.93896 -2.68095 
7.89298 -0.365184 2.28233 
3.15202 -7.97886 -4.29013 
5.08473 3.06408 0.861124 
-5.52157 -5.79612 4.6986 
-5.65666 -5.33177 0.621336 
6.32988 -6.58316 2.23654 
-4.40048 3.52666 6.24648 
0.57264 -7.71617 -2.90548 
-5.76927 2.01227 2.6707 
-5.30918 -5.44268 2.31431 
-7.49747 -3.67942 -6.2623 
-7.62324 -2.79693 7.44161 
0.614203 -3.88003 6.37134 
3.15181 7.21797 -4.67471 
0.428725 -7.50658 7.64826 
0.602805 0.720781 -2.19695 
7.30215 -6.75175 -3.72678 
1.86223 -4.10232 7.52799 
-1.8562 1.7413 -7.958 
-0.250177 -0.657371 6.79463 
-3.38532 -7.09955 2.55818 
-2.85243 0.506018 3.59863 
-1.59107 7.26772 1.02101 
-6.73576 -2.44188 -7.04748 
-6.50994 5.60835 -4.84557 
5.96453 1.3064 -7.98376 
-5.88894 6.137 -7.80512 
-3.37153 -0.85618 -6.11508 
5.67877 7.13911 1.58941 
2.42286 3.27058 2.25642 
-5.69492 7.41289 -6.66134 
-4.17485 -7.87495 6.61079 
-2.94364 -2.96538 -7.89666 
4.6172 -0.151276 -4.33005 
2.71808 -1.20378 -4.30223 
-6.15239 5.02271 6.11511 
4.05284 6.39467 0.734008 
4.58446 -7.98764 -2.10455 
2.69326 -5.62561 -0.0317601 
-1.34127 -7.02714 7.52071 
7.29873 -7.13167 4.40206 
1.02515 4.72758 -2.81739 
0.192856 7.56757 -2.78558 
2.13447 4.89688 -2.47791 
