-6.16666 -5.19807 6.8198 
-6.09044 2.49464 7.87636 
5.0783 -7.46602 -2.16811 
-2.70188 3.64172 -1.40241 
2.94142 -6.72804 -0.34833 
5.78364 -5.28617 -5.40252 
-1.85129 -1.38094 3.18787 
-4.55203 -6.881 0.987101 
-5.97479 6.36108 0.661277 
-7.72424 4.64453 -1.23894 
5.77293 3.79677 -3.09599 
-2.39055 2.80133 -4.03816 
6.15461 -0.886363 -0.310067 
6.68511 7.97577 6.91156 
5.40465 -2.34128 -7.13398 
-7.31968 -1.31951 -5.99149 
2.43425 5.04159 -4.54403 
-1.77144 -6.20804 3.95895 
-3.30067 -1.94786 1.82758 
7.04433 1.20132 0.0802931 
-2.23945 -5.76616 -7.37298 
-2.32456 4.22901 -3.31609 
0.435567 -2.28169 2.06173 
0.894179 1.24949 3.67385 
2.19177 -4.76521 2.44802 
3.49533 2.24003 2.4957 
7.48298 -3.45665 2.59597 
-5.99378 7.17532 4.73769 
-3.19484 2.95333 -5.93373 
-4.86004 3.21422 -2.20946 
-0.483986 -0.191496 3.9897 
-0.327219 -4.50982 3.72082 
0.817877 -7.30727 -4.51431 
4.78774 -0.715447 6.32785 
-2.08836 -6.0705 -7.24977 
-1.88543 3.27661 -7.62452 
-2.41625 1.81926 0.588545 
4.83546 -5.37851 1.88399 
-3.84863 -4.06407 6.88327 
3.63228 3.70877 -4.10775 
-4.21099 3.74043 5.96563 
-0.0826581 -5.31285 5.03427 
-2.80418 -0.187418 0.516496 
5.85804 0.0863029 -5.35375 
6.04227 -3.48371 7.33345 
1.45565 4.92955 2.23783 
-5.93859 -7.02969 -4.22341 
5.91019 -7.16746 -0.188178 
7.74236 4.11535 6.22718 
3.4451 -7.21655 -0.473167 
