1.17619 -4.95429 -2.6434 
-6.98153 4.4949 5.30754 
4.0468 0.159518 7.23519 
-2.25731 -7.10382 -6.08806 
0.454812 2.32687 -2.92353 
2.05682 2.91667 2.18607 
-2.17534 0.661912 3.12664 
4.21545 -2.49519 5.74312 
-3.24104 -0.555897 5.18107 
3.12078 1.08742 -4.69732 
-2.9332 -2.95989 -0.624875 
2.72854 3.16256 0.328053 
1.11734 6.11925 -3.25291 
6.20586 1.49955 4.25534 
-3.04704 -0.608226 5.95682 
7.48738 2.66223 2.44399 
1.91902 7.22938 -1.16406 
-6.21314 4.08097 -1.26485 
-7.10016 3.95807 6.67273 
6.3304 5.82367 3.33328 
1.5292 4.02461 -2.8345 
-1.62225 -7.02688 7.05938 
-6.3688 -6.33169 -2.16109 
4.71993 0.220146 6.49227 
-2.71267 -7.25075 -0.615394 
-7.30015 4.07269 3.20488 
-1.03449 0.407993 5.59371 
-2.82322 7.37107 -4.35316 
3.40571 7.62069 -0.364721 
5.52296 -1.91121 2.37545 
-3.36897 -6.03027 0.0379223 
2.1211 -1.21883 -0.479759 
-0.693312 -6.43101 7.80624 
-1.39639 4.89927 0.447633 
-6.47242 6.98488 -5.63688 
-5.60933 4.21283 -7.65187 
-1.20041 -4.81288 -7.12199 
-6.56378 4.47358 5.50521 
0.30623 3.65082 -0.59774 
-2.845 5.81865 -5.39156 
-2.10693 -7.10462 -4.63585 
2.12118 0.801707 2.24737 
-6.44048 7.32564 5.82805 
-2.12689 -2.72986 -6.12103 
0.242056 3.96611 -6.82371 
-2.85135 3.04178 6.6128 
-2.33491 -1.73239 6.69744 
-1.26033 -0.496151 5.31613 
2.01306 6.18244 1.49533 
3.80901 -2.18651 -7.25509 
