-2.04734 2.67086 0.773437 
-1.86481 -6.53909 -3.32492 
-3.18311 -3.88378 1.97243 
2.07859 -2.93347 4.01398 
0.065149 -0.281649 4.1203 
-0.679821 5.68516 1.67761 
-2.28402 -1.61283 -2.43201 
-0.368483 -1.1562 -2.15207 
-2.37344 7.76185 3.51754 
-1.24643 6.53488 4.63148 
0.958976 -5.57369 2.00409 
-0.367999 -4.5841 -4.91467 
-1.64772 1.45518 0.508177 
-3.07278 3.43937 -1.96932 
2.19178 -2.29466 -1.70368 
-2.59667 1.74004 1.35796 
0.914341 2.24659 3.95433 
1.68078 -1.84026 4.08023 
-3.88841 -4.41451 1.08845 
-5.1964 -4.5619 2.7157 
-7.48202 0.976319 -0.935684 
2.8296 5.3253 4.58063 
-1.01435 -4.01096 0.262379 
-0.0199695 3.08915 -1.77611 
2.27603 5.40611 3.45707 
0.686895 1.0353 -2.26294 
3.65656 -4.33228 3.00823 
5.46459 3.72342 6.48362 
3.25361 -1.68805 -3.28827 
3.75941 3.48633 0.0256932 
-0.511859 -4.46667 2.43995 
-4.8571 2.4995 3.53274 
2.49884 3.69202 4.52231 
2.03697 -7.47165 3.27204 
4.31238 2.95901 2.04626 
1.12545 -0.466283 3.24344 
-1.3385 3.4838 0.0873087 
-3.51251 -1.30186 -2.70922 
-3.82807 -1.33613 2.97133 
-6.14907 -0.66859 3.80414 
1.0195 3.49459 2.53473 
-1.85175 -1.58341 -6.63039 
0.915142 5.29283 6.20697 
0.877619 -3.91099 0.14988 
-1.62946 -4.55588 -0.424585 
-2.79748 2.7723 1.60484 
-2.41356 -0.0586525 -0.0606193 
-1.6705 0.242429 -4.74491 
-2.54381 2.11698 0.244361 
1.76881 1.94522 5.38628 
