-0.952481 -5.4259 6.25452 
4.59312 -3.22389 5.46916 
6.64646 2.62354 -6.23722 
-4.68331 -4.99945 4.34774 
1.40095 4.8375 4.27128 
4.34881 -4.65988 6.91237 
-3.468 3.6836 -5.69817 
2.36017 -4.03778 -1.57428 
-6.95303 -1.96352 0.0485555 
2.57282 -0.0741201 -1.51014 
-0.670702 6.25063 -6.55348 
7.54368 -5.59297 2.23841 
-3.34493 2.35496 -6.8761 
-6.73119 -2.07979 -1.49247 
-4.26088 1.49376 -1.69125 
-3.38468 -3.51706 -6.90358 
-0.647238 7.80482 5.53449 
-2.83783 -3.42697 -4.58264 
-5.5965 -1.87981 5.00155 
4.65334 3.29783 -0.712118 
5.12898 6.61705 0.541682 
4.1167 7.4068 -5.46962 
3.20279 5.05352 5.51904 
-6.06948 3.58505 -7.20554 
-6.26336 -7.23888 2.99245 
-4.99327 -4.87677 3.11759 
3.33225 -0.562529 -1.54184 
-7.44171 1.32954 0.360803 
-3.29343 -0.234748 -4.57021 
6.68526 -7.10099 -2.58765 
-4.93726 5.40485 -7.97643 
0.635735 -4.35808 2.78908 
-0.923766 5.0779 6.62273 
-0.631515 -5.36258 7.6696 
1.31779 -2.13211 -1.77515 
0.182587 6.87866 -7.47589 
4.37856 -7.30058 4.37909 
4.51359 2.54574 7.76565 
-3.59604 -7.00604 -4.26077 
-2.43483 -6.2849 -6.38933 
-7.49158 -3.35712 1.21336 
5.81811 -4.23695 1.59464 
-0.709356 -3.98492 -4.40888 
6.10418 -6.74401 6.58754 
2.73676 7.36956 -3.03175 
-7.63102 2.11229 1.1211 
5.34196 3.54336 -1.45197 
0.524677 7.19901 -2.95305 
0.978834 5.29183 -3.30863 
-3.23952 -2.07801 6.84699 
