-1.10485 7.01298 2.98678 
-5.48344 -2.28934 1.28124 
7.37833 2.54508 3.78305 
3.67046 7.55466 -4.32481 
-6.6383 3.84044 4.99089 
2.24356 -7.88662 1.23854 
2.17215 0.95031 -1.09384 
1.95465 -4.25415 6.53302 
-0.194392 -5.15508 7.63722 
7.88513 -3.6897 -7.85911 
-2.34825 5.56206 -7.15774 
7.04195 4.27958 1.75609 
6.59741 -2.78713 -2.08005 
-7.06878 1.60212 4.66128 
-6.44424 4.27714 -3.34944 
0.184418 -6.91803 -0.121147 
6.76833 -1.91534 0.047455 
-4.40359 -7.20217 -1.87164 
5.01496 4.34844 -7.60303 
3.44653 -6.73224 -5.10273 
-1.75624 2.55689 -7.52784 
-0.281443 1.37876 -1.06812 
5.28713 -2.77197 5.66992 
5.53514 -0.820725 3.65926 
-1.86444 3.78533 2.22436 
1.44851 4.3091 7.87402 
-6.97921 0.941939 -1.16516 
3.46221 -7.25061 4.42906 
-6.74377 1.12436 -1.55856 
4.70011 -5.07568 1.33569 
-4.19575 -1.30124 -1.18797 
2.98538 6.21266 6.50887 
6.26616 -3.53765 -2.57972 
0.672625 7.68778 4.99771 
5.10555 -2.83028 -0.476952 
3.41619 1.23389 4.7701 
6.56209 4.88297 -1.19701 
-1.83166 -7.3854 2.23194 
4.82359 -6.6871 -1.65805 
-0.669944 -1.65417 0.979849 
2.17087 -4.38507 -5.9149 
1.67422 -2.71307 2.61033 
4.4145 2.34407 4.87634 
-2.61338 4.92898 5.70376 
7.22018 -4.63156 3.52936 
0.0201423 -3.06533 -6.64142 
-0.0822702 -2.82818 2.20511 
-1.40508 5.70783 -6.91796 
-1.29154 0.859791 -7.12282 
-6.14516 -7.90262 2.12547 
