-1.01538 -3.06506 -0.396277 
-6.12792 -2.61094 -0.197781 
-4.16345 -3.0428 -3.92269 
-4.24144 7.98348 6.09343 
-6.01493 -2.38719 -2.17961 
-2.0784 6.5457 5.00432 
6.23291 -7.13005 4.41185 
3.8217 -7.39673 -5.67021 
0.203215 -5.93558 2.36356 
-2.23075 4.04288 -2.98914 
-3.50408 -7.22677 1.48956 
4.37532 1.08862 1.50419 
-5.82651 -5.02999 -7.92094 
-3.15293 0.458295 -5.18139 
-4.02253 4.47155 1.24906 
-6.30943 7.40553 4.54548 
-3.87339 -2.63986 -0.322731 
6.88127 1.48313 -5.68226 
5.50335 7.68514 7.97349 
4.75649 -3.30407 5.08651 
-0.682693 -0.103068 4.43672 
0.754087 2.09249 4.52965 
6.04505 -6.34519 -7.62049 
-0.807829 1.88266 2.88328 
-2.31317 7.07588 6.99293 
0.0333003 -5.31944 6.09789 
6.17519 -7.83374 -7.62144 
3.34936 -2.31118 -7.00196 
-6.97977 -1.97024 -6.739 
3.88253 2.51436 7.47651 
3.96127 -4.14862 7.48769 
2.87004 -4.78607 -1.88193 
-4.45388 -7.66165 -2.46144 
2.00496 -5.34775 -5.39818 
0.0281968 5.38092 6.41023 
2.63904 -6.8995 -5.63864 
6.53321 3.27722 -1.94228 
-5.79921 -7.29567 7.68625 
-1.61159 -6.50404 -5.53799 
6.40211 5.66948 -0.682906 
7.69464 -0.349038 0.138637 
-5.1553 -2.72337 -6.38886 
4.35721 2.03781 1.7953 
1.26477 5.99316 -5.51986 
0.752918 -7.34451 3.86028 
-4.27259 6.07222 -7.16739 
3.05464 7.05043 -0.961912 
4.96747 5.16831 -4.1813 
-7.28114 4.12792 4.36571 
-6.03983 -7.48495 -6.67857 
