-6.24037 2.39888 2.61674 
-7.384 -5.31801 7.4078 
2.95248 -6.48344 -1.24083 
-1.81632 -4.13158 -5.56418 
6.82842 -0.0946035 -7.60021 
3.8735 -4.83095 -6.99851 
2.15051 3.13913 0.547802 
-3.02283 -4.38746 -4.38219 
-7.02181 -3.15733 4.688 
-3.08261 -6.05883 -7.09757 
-5.14274 3.05946 3.83068 
-1.08616 -4.80133 7.52277 
2.55759 -5.3258 5.38894 
4.78736 -2.29296 7.99974 
6.39229 -4.57185 -1.14422 
3.7904 0.0459699 -7.44266 
4.88634 2.21372 -0.0885875 
-4.90141 2.71567 6.68667 
-1.46473 -4.96172 -3.46652 
-4.15227 -4.51114 0.182914 
-1.16707 -0.421773 5.08887 
7.52656 -0.0202312 -4.54019 
-0.320037 5.01667 4.37346 
-5.9654 6.59784 3.01022 
-6.41213 -6.54699 2.02287 
-6.8943 7.86994 -3.96828 
6.59507 -6.20746 -2.54477 
1.87587 6.17474 -7.70775 
5.13926 -7.31101 4.10792 
-4.19008 2.89942 -7.93622 
4.22795 -2.59901 -3.84504 
-4.21475 7.22574 2.83441 
3.45166 -4.01031 5.71304 
-4.77696 6.22413 -1.31412 
-4.77453 -5.82214 5.36021 
5.61584 5.24629 -4.17632 
6.89556 3.11705 -5.77814 
-0.760436 3.9195 -0.309716 
1.92041 -3.05658 -3.40805 
-1.39592 -6.8546 -5.94714 
-5.1978 7.16056 -3.21172 
-5.49203 3.01314 3.70489 
6.51349 2.46359 3.5729 
6.66727 -6.70317 1.29616 
1.70336 -3.00669 6.91524 
-4.01011 7.57815 -2.4402 
3.2734 -6.30332 -5.60648 
-2.65029 5.84934 7.93502 
-7.35044 -6.17646 -4.29639 
2.72705 -0.631947 2.99518 
