-0.755015 4.13973 1.61459 
6.35868 -0.26298 5.85065 
-1.76342 -3.7504 5.66939 
-1.65219 7.89741 6.03606 
-3.80489 -7.49145 5.05909 
3.50882 -4.50158 -6.86763 
-7.27418 -4.10252 3.13589 
1.56489 0.967234 1.15321 
-5.48939 6.62273 -7.33474 
-1.09321 0.556807 4.503 
5.1279 1.69558 1.87493 
-3.09384 3.11384 4.01431 
-1.75267 -6.0113 2.15301 
4.65714 6.23682 -6.83342 
5.07704 3.65561 -7.17941 
6.98619 1.94485 5.81588 
4.97007 -2.07445 -7.79015 
-7.40145 -1.91235 -4.20884 
6.52788 3.51522 -1.68091 
-4.70048 2.50466 -2.17894 
-6.26142 -3.97859 -6.21323 
6.49256 5.21057 7.0857 
2.82474 -7.54163 -5.93163 
-6.49302 1.82937 0.00169456 
5.64323 7.13661 2.05988 
-6.21926 -6.65426 3.6385 
1.82677 5.45188 -0.723792 
5.99825 -4.57672 -4.69618 
-6.32828 7.52534 1.32999 
-3.46158 -7.31801 6.83975 
6.09935 -2.21806 3.00072 
-5.50012 -1.49437 6.92373 
-6.34013 2.13084 5.21913 
4.49338 0.281612 -3.38635 
4.67304 -0.307937 -5.54727 
2.37984 -5.19196 0.583914 
7.09406 -6.41117 -7.49532 
2.97727 -5.78595 -6.84315 
3.18055 -4.69194 -2.44199 
-0.959173 2.38397 -6.06947 
3.06227 2.90134 -3.92768 
-3.04779 -6.08586 4.10287 
1.82676 -1.48323 -0.684427 
-2.02647 -4.84315 -6.41722 
-6.19537 -3.59999 -6.01277 
2.59509 5.33008 2.13985 
5.53354 -2.92449 3.81292 
-0.134755 7.91223 -2.90038 
-4.96144 -4.27551 -4.28102 
-6.06756 -5.99487 0.560476 
