-7.33237 2.80318 -3.91185 
1.04034 0.867595 6.15105 
-0.899869 -5.33864 2.45527 
-4.93736 6.94423 -3.52981 
-7.67699 3.20582 0.480271 
-4.84162 -1.17754 -4.04317 
2.21345 -0.841111 3.69618 
3.7519 -4.67813 -2.98307 
1.43005 0.248658 -2.56456 
6.93616 3.77688 0.94242 
7.55438 7.72406 4.85437 
5.8535 2.75346 -3.51511 
2.71945 -0.976729 4.25974 
-3.37468 -7.71885 1.43071 
4.2834 0.55489 -2.24602 
5.69714 0.879627 7.78868 
3.31152 -4.44734 -7.83852 
2.83729 -6.19109 1.53916 
7.18394 -4.24045 -7.81709 
-0.028472 1.80524 4.74561 
5.14668 2.93514 0.272984 
-3.83372 7.6757 -5.21181 
6.53755 3.89071 -4.7924 
6.62732 2.19663 -7.47039 
5.12513 5.19778 -3.33071 
0.623033 2.84186 -7.83711 
-2.48275 -7.31201 -0.315541 
-0.548088 1.68085 3.78412 
1.80195 -3.09028 -3.49337 
0.0468884 6.04412 -1.78473 
4.87007 -6.06931 1.14562 
-5.82872 -2.23604 -0.0612201 
0.657499 -3.66864 5.32103 
-1.45909 -6.93931 0.494507 
7.3094 -5.66608 6.88936 
3.58332 -1.97421 -0.688627 
-5.47338 -4.99676 7.41368 
5.57922 4.76324 0.341865 
-5.48756 5.09432 -5.15593 
-5.56558 0.49354 -1.83318 
2.61027 0.756997 3.82168 
3.26323 -6.69977 -1.84283 
0.0484445 3.25013 -6.7459 
-5.53205 0.29846 -0.26714 
-0.679597 2.04194 -0.0262901 
-5.07966 -5.89705 2.53635 
-5.20128 2.06669 -6.22803 
-1.04728 6.73015 -7.21025 
-0.236846 -6.36342 -5.16331 
-6.71441 1.2932 1.33675 
