-3.21019 4.61229 1.19239 
3.53051 -6.70499 7.38771 
-6.27219 -4.29439 -2.59171 
-2.49524 -5.25643 -4.41906 
7.32622 -0.376832 -7.19577 
-7.72076 -6.38175 -1.2844 
-0.720572 4.85803 1.17726 
1.8461 -6.74504 -3.54926 
-5.21375 1.13199 3.30431 
-0.180185 -4.96131 -2.16123 
-0.746123 5.61705 5.16666 
-3.15071 5.46267 3.19548 
6.15167 -5.93105 6.33475 
1.27759 6.72178 -4.62763 
5.0456 0.100631 -3.20609 
-1.2319 -4.20359 -4.90316 
6.00324 -1.66061 3.14301 
3.26806 6.75828 -0.77702 
-1.55755 -1.45669 -0.942351 
-3.01818 -6.76069 0.751928 
-3.65076 5.02255 2.99179 
5.52884 0.810643 6.98315 
-6.58937 0.0895239 -5.59239 
0.331404 -6.01347 -0.58577 
-6.41322 7.55663 4.32163 
-2.46483 4.52798 -5.76584 
3.43024 -7.7096 -2.2497 
-2.17514 6.85227 7.09297 
-4.28808 -0.546344 2.58057 
-3.25989 1.40677 -5.36206 
3.87103 2.89219 -0.40485 
-3.43181 -1.83201 4.53776 
0.617056 7.47351 -2.29035 
-2.46654 -7.12413 -3.11984 
-5.55522 -6.85625 -6.2122 
5.06641 -4.13996 3.77754 
0.870193 2.76027 -6.50784 
-6.78434 2.01224 -5.89494 
6.47406 -5.38924 -5.95694 
-4.7408 -2.01616 1.47873 
7.1838 5.06801 -4.35806 
-0.775028 3.32898 1.97561 
-5.95968 2.28076 4.44243 
5.73272 4.69691 -2.8733 
1.23819 -2.66466 -6.4393 
-7.14803 -4.72311 -1.7699 
-1.62379 6.14023 2.97755 
-2.79279 0.757748 2.45452 
6.02789 -4.60815 -5.32722 
5.48404 -4.54451 4.69731 
