7.97404 -3.38287 6.45282 
4.78178 -6.52855 5.32804 
-5.97252 -7.15225 5.29928 
-1.66181 -1.0965 -2.8773 
-7.30732 6.94795 -7.48191 
-2.3176 6.82643 -7.43081 
-7.88495 0.695936 6.32336 
-2.29878 -6.07655 -7.67139 
7.66165 -6.88816 7.87621 
6.7449 3.32545 1.80254 
-2.375 -3.56435 -2.60044 
4.33075 0.8408 -4.63319 
2.55232 -6.35122 -3.51138 
1.63961 -5.23624 0.351758 
-3.72904 -6.386 -1.36707 
7.26256 0.525191 4.52184 
6.61992 -0.422868 -6.96922 
5.96677 0.461844 6.84528 
4.38087 -0.539495 -3.81802 
-3.52786 4.9109 4.41265 
-6.74588 0.873732 -4.41454 
-0.232617 6.09241 -1.7217 
4.26316 1.30023 -2.9504 
-2.41705 -6.38733 3.40901 
-6.47175 0.0559058 -1.80725 
-0.859212 -2.99443 -1.4311 
4.41767 -0.766258 1.04037 
0.257875 7.6466 4.9248 
4.91888 2.10037 -0.924855 
-7.26347 -7.42769 -2.58984 
-2.02298 -5.43739 7.64704 
-7.35043 -0.895855 4.51141 
-2.74899 1.23156 -0.552127 
-0.27292 -3.2521 3.30758 
-2.7253 3.93485 1.76667 
-7.78704 -2.40028 5.37673 
-3.31855 0.944336 2.7643 
3.30493 -6.85561 -1.48706 
1.06897 -3.90742 7.33157 
-1.65794 -0.482798 -1.90942 
5.38605 -2.50902 -1.79911 
6.34352 0.523915 -1.98018 
1.99841 -3.01263 0.941981 
-3.79155 3.55191 -0.022205 
6.28864 -6.37236 5.38848 
4.74699 -2.62567 4.01146 
3.53186 -1.4271 -5.3029 
0.739265 5.65687 -1.43249 
-6.73762 1.52819 -3.91258 
-4.136 7.43605 2.96425 
