0 0 0
0 0.160753 0.657358
0.1 0.0223631 0.671179
0.2 -0.0975441 0.66759
0.3 -0.197411 0.645485
0.4 -0.276001 0.604196
0.5 -0.331826 0.543108
0.6 -0.362994 0.461421
0.7 -0.367206 0.357976
0.8 -0.341899 0.231251
0.9 -0.285055 0.0800537
1 -0.198613 -0.093308
1.1 -0.0972554 -0.275277
1.2 -0.00747684 -0.442466
1.3 0.0568925 -0.582338
1.4 0.0957077 -0.693697
1.5 0.112306 -0.778324
1.6 0.109932 -0.838021
1.7 0.0911036 -0.874127
1.8 0.0575918 -0.887573
1.9 0.0104903 -0.879021
2 -0.049691 -0.848981
2.1 -0.122843 -0.79796
2.2 -0.208797 -0.726754
2.3 -0.306147 -0.637157
2.4 -0.409698 -0.533412
2.5 -0.507623 -0.423652
2.6 -0.584673 -0.317946
2.7 -0.630916 -0.223624
2.8 -0.643235 -0.144427
2.9 -0.621734 -0.082286
3 -0.56743 -0.0385391
3.1 -0.481545 -0.0142516
3.2 -0.365725 -0.00982114
3.3 -0.223366 -0.0237083
3.4 -0.0626528 -0.0500588
3.5 0.100938 -0.0772852
3.6 0.250128 -0.0926929
3.7 0.374447 -0.088821
3.8 0.469813 -0.0633159
3.9 0.534705 -0.0162863
4 0.56821 0.0512875
4.1 0.569585 0.138083
4.2 0.538761 0.242197
4.3 0.478088 0.359975
4.4 0.395654 0.483995
4.5 0.306171 0.603197
4.6 0.22319 0.708039
4.7 0.15289 0.793658
4.8 0.0963747 0.858269
4.9 0.0529852 0.901281
5 0.021867 0.922422
5.1 0.00253011 0.921431
5.2 -0.00496595 0.89795
5.3 4.01584e-05 0.851474
5.4 0.0187909 0.781321
5.5 0.052965 0.686684
5.6 0.104148 0.567003
5.7 0.17209 0.423441
5.8 0.250201 0.262794
5.9 0.321175 0.101153
6 0.366774 -0.04476
6.1 0.380061 -0.167994
6.2 0.361409 -0.267974
6.3 0.313152 -0.345864
6.4 0.237786 -0.402967
6.5 0.13768 -0.440519
6.6 0.0153634 -0.459943
6.7 -0.125601 -0.463391
6.8 -0.278868 -0.454487
6.9 -0.43334 -0.438814
7 -0.574409 -0.422937
7.1 -0.689936 -0.412148
7.2 -0.773746 -0.409554
7.3 -0.823852 -0.416791
7.4 -0.839967 -0.434862
7.5 -0.822308 -0.464513
7.6 -0.771467 -0.506045
7.7 -0.689244 -0.558398
7.8 -0.580693 -0.617348
7.9 -0.456071 -0.674171
8 -0.328244 -0.71828
8.1 -0.206827 -0.742004
8.2 -0.0969305 -0.741572
8.3 -0.00136358 -0.715549
8.4 0.0776053 -0.663552
8.5 0.137493 -0.585615
8.6 0.175438 -0.48191
8.7 0.188429 -0.352723
8.8 0.174151 -0.198937
8.9 0.133588 -0.0239451
9 0.0767906 0.162148
9.1 0.0245992 0.341891
9.2 -0.00663998 0.501627
9.3 -0.0130671 0.636346
9.4 0.00312826 0.745135
9.5 0.0383385 0.828119
9.6 0.0890484 0.885555
9.7 0.15224 0.917698
9.8 0.225457 0.92488
9.9 0.306682 0.90767
10 0.393945 0.867182
