0.463525 -1.42658 1.72609 -3.16435
0.240093 -1.48066 1.55258 -3.18104
0.0335419 -1.49962 1.3694 -3.1817
-0.146084 -1.49287 1.18373 -3.17973
-0.294197 -1.47087 0.99801 -3.18671
-0.408765 -1.44323 0.811514 -3.21095
-0.488655 -1.41817 0.62143 -3.25709
-0.532612 -1.40226 0.423723 -3.32562
-0.538513 -1.4 0.214101 -3.41184
-0.502916 -1.41318 -0.0106049 -3.504
-0.421816 -1.43947 -0.250044 -3.58059
-0.295964 -1.47051 -0.496099 -3.60917
-0.145653 -1.49291 -0.729509 -3.56004
-0.0112152 -1.49996 -0.930922 -3.4411
0.0852928 -1.49757 -1.09606 -3.29154
0.143343 -1.49314 -1.23005 -3.14471
0.168105 -1.49055 -1.33998 -3.02012
0.164566 -1.49095 -1.43209 -2.92782
0.136466 -1.49378 -1.51101 -2.87208
0.08634 -1.49751 -1.57952 -2.85354
0.0157352 -1.49992 -1.63847 -2.87014
-0.0745058 -1.49815 -1.68681 -2.91744
-0.183801 -1.4887 -1.72163 -2.98836
-0.310924 -1.46742 -1.73816 -3.0727
-0.452081 -1.43025 -1.72995 -3.15679
-0.597499 -1.37586 -1.6897 -3.22546
-0.729153 -1.31085 -1.61218 -3.26896
-0.827891 -1.25084 -1.49939 -3.29118
-0.884827 -1.21123 -1.36118 -3.30575
-0.899681 -1.20024 -1.20883 -3.32588
-0.873669 -1.2193 -1.05022 -3.36004
-0.8062 -1.26493 -0.888962 -3.41133
-0.694724 -1.32942 -0.725335 -3.4772
-0.53644 -1.4008 -0.557536 -3.54869
-0.33227 -1.46274 -0.383191 -3.61013
-0.0939177 -1.49706 -0.201399 -3.64237
0.15115 -1.49237 -0.0146929 -3.63395
0.371292 -1.45332 0.172472 -3.5921
0.548637 -1.39606 0.358101 -3.5356
0.679079 -1.33748 0.543167 -3.48118
0.764381 -1.29063 0.7294 -3.43834
0.807186 -1.2643 0.917304 -3.40947
0.808924 -1.26319 1.10458 -3.39074
0.76961 -1.28752 1.28478 -3.37282
0.690124 -1.33181 1.44676 -3.34214
0.578117 -1.38412 1.57762 -3.2854
0.452115 -1.43024 1.67063 -3.19918
0.332012 -1.46279 1.72895 -3.0945
0.228442 -1.4825 1.7598 -2.98877
0.144338 -1.49304 1.76976 -2.89729
0.0794407 -1.49789 1.76374 -2.83096
0.0327979 -1.49964 1.7449 -2.7968
0.00379516 -1.5 1.71461 -2.79885
-0.00744889 -1.49998 1.6724 -2.83865
6.02376e-05 -1.5 1.6159 -2.91526
0.0281847 -1.49974 1.54085 -3.02478
0.0794104 -1.4979 1.44119 -3.15906
0.15594 -1.49187 1.30964 -3.30374
0.256863 -1.47784 1.13948 -3.43613
0.371398 -1.45329 0.929404 -3.52755
0.473523 -1.4233 0.690429 -3.56032
0.537909 -1.40023 0.441797 -3.54608
0.556466 -1.39296 0.197309 -3.51072
0.530389 -1.4031 -0.0383556 -3.47444
0.462089 -1.42705 -0.266103 -3.44785
0.353328 -1.45779 -0.48901 -3.43374
0.205868 -1.48581 -0.710058 -3.42874
0.0230442 -1.49982 -0.930447 -3.4246
-0.187906 -1.48818 -1.14803 -3.40966
-0.412902 -1.44205 -1.35588 -3.372
-0.629857 -1.36135 -1.54247 -3.30584
-0.815008 -1.25927 -1.69663 -3.218
-0.954732 -1.15693 -1.81517 -3.12506
-1.04823 -1.07295 -1.90356 -3.0433
-1.10065 -1.0191 -1.97022 -2.98322
-1.11693 -1.00123 -2.02185 -2.94931
-1.09908 -1.0208 -2.06136 -2.94119
-1.04578 -1.07533 -2.08696 -2.95412
-0.953931 -1.15759 -2.092 -2.97932
-0.822905 -1.25412 -2.06633 -3.00564
-0.660637 -1.34668 -2.00153 -3.02475
-0.483572 -1.41991 -1.89715 -3.03723
-0.308033 -1.46803 -1.75958 -3.05136
-0.145168 -1.49296 -1.59603 -3.07691
-0.00204537 -1.5 -1.4112 -3.12117
0.116291 -1.49549 -1.2067 -3.1877
0.20559 -1.48584 -0.981635 -3.27593
0.261809 -1.47698 -0.733729 -3.38034
0.280973 -1.47345 -0.461062 -3.48921
0.259908 -1.47731 -0.164597 -3.58295
0.199787 -1.48664 0.148358 -3.63402
0.115073 -1.49558 0.461842 -3.6154
0.0368951 -1.49955 0.757053 -3.52323
-0.00995989 -1.49997 1.02291 -3.38334
-0.0196 -1.49987 1.25687 -3.22745
0.00469239 -1.49999 1.46119 -3.07877
0.0574936 -1.4989 1.63984 -2.95151
0.133396 -1.49406 1.79652 -2.85344
0.227479 -1.48265 1.93343 -2.78788
0.335328 -1.46204 2.05061 -2.75498
0.452846 -1.43001 2.14562 -2.75228
0.575751 -1.3851 2.21362 -2.77481
