0.156941 0.711503 
-0.514952 0.194739 
-0.20168 0.364333 
1.74446 1.09203 
0.352234 -0.00335701 
0.0591824 0.678877 
-1.54299 -1.06764 
0.726242 -2.05596 
1.26546 -3.36379 
2.47172 -1.73601 
3.17103 -4.47073 
3.61297 -3.78855 
3.05976 -2.54341 
2.65317 -2.22374 
3.60243 -3.89605 
2.82611 3.50251 
2.85459 2.16005 
1.53266 1.36447 
2.59849 2.87075 
2.59003 3.64548 
1.56121 1.21603 
-0.559822 0.0686738 
0.372133 0.44254 
-1.0729 0.749483 
-0.363175 0.121395 
-3.44147 -0.709767 
-4.15011 -1.96377 
-3.25985 -1.3121 
-3.11894 -2.08091 
-2.11523 -0.650053 
-2.92291 -1.42409 
-4.49591 -0.753763 
-3.79306 -1.93016 
-3.1418 -4.19827 
-2.9832 -3.72216 
-2.66573 -3.94412 
-3.55303 -2.74079 
-3.50205 -3.90861 
-2.64614 -3.69278 
-1.09434 -3.55453 
-1.33502 4.24281 
-0.648236 -4.90778 
0.865894 -3.92553 
2.66031 -3.18983 
4.71328 -3.83925 
4.22259 -2.84795 
2.37783 4.14424 
1.01465 3.16984 
0.786833 4.30099 
1.33332 -3.95521 
1.97847 4.07152 
0.278657 4.39233 
-0.173358 4.36838 
-1.19243 3.75044 
-2.35269 4.35854 
-2.79071 4.54392 
-1.25878 3.74612 
-1.74501 1.57402 
-3.03305 0.564593 
-2.79766 -0.324864 
-3.20043 -1.58569 
-3.32931 -1.68641 
-3.55432 -0.380612 
-2.90788 -1.70987 
3.25433 -1.42199 
4.96128 0.165519 
-4.33483 0.507365 
-4.85123 0.446261 
-4.87316 -0.117613 
4.74064 -0.118628 
4.12747 -2.58934 
4.646 -4.75151 
-4.83989 4.9053 
-4.55808 4.27005 
3.84943 3.32166 
3.93233 4.75278 
4.70625 -3.01103 
2.77633 -1.18975 
1.97895 -0.762871 
-0.0805959 0.42547 
-1.34032 1.23733 
-1.43047 -0.845775 
-1.35473 3.0657 
-1.07092 -3.97631 
-2.37231 -4.45749 
-1.53051 -3.23905 
0.00553894 -2.90697 
-1.46114 -4.43674 
0.880848 3.40921 
0.81645 4.06796 
1.21421 4.17909 
-0.0796156 3.90095 
-1.13645 3.72434 
-1.35418 4.22061 
-2.7955 -4.99284 
-3.83354 -3.3427 
4.8895 -3.20176 
2.44554 -2.76236 
2.13183 -3.32465 
2.29605 -3.26626 
3.94566 -3.2867 
-4.91816 -3.44005 
-2.23409 -4.29216 
-4.58327 4.90443 
4.2151 -4.88187 
-4.33689 4.94913 
-4.76576 3.83742 
3.37713 4.39412 
3.16669 -4.41401 
3.96077 3.62507 
4.49413 4.79384 
-4.86083 -4.90447 
-4.3184 2.58742 
-2.63539 1.04104 
-1.64896 0.879039 
0.659469 -0.30617 
-1.62838 0.840225 
-0.246136 0.19357 
-0.839717 1.87491 
0.0857807 2.71665 
1.18183 -4.9932 
3.73087 -4.23784 
1.51152 3.07438 
0.654012 1.972 
0.304911 2.63397 
-0.980028 3.6675 
-2.74329 3.52635 
-3.36293 2.1723 
-2.24151 2.8763 
-3.58733 2.78739 
3.49961 2.01318 
4.05451 1.06967 
-4.22188 -0.19637 
-2.73163 -1.53668 
-3.45605 -0.771717 
-3.5537 -1.03699 
-3.43778 -2.73118 
-3.1489 -2.62092 
-3.41319 -2.54793 
-2.5467 -2.40687 
-3.44625 -4.1977 
-1.37691 -4.77698 
1.68083 -3.33574 
1.09533 4.28085 
2.18669 4.63489 
3.86056 2.44727 
4.73942 3.35014 
3.21367 3.17347 
-3.51989 -4.81578 
-2.02349 -4.77545 
