0.5 2 600
1 2 660
1.5 2 620
2 2 588
2.5 1.99995 632
3 1.99965 596
3.5 1.99865 596
4 1.99631 596
4.5 1.99192 612
5 1.98483 548
5.5 1.97454 584
6 1.96074 592
6.5 1.94331 496
7 1.92231 600
7.5 1.89791 492
8 1.87042 516
8.5 1.84019 516
9 1.80764 436
9.5 1.77319 456
10 1.73726 420
10.5 1.70026 472
11 1.66256 472
11.5 1.62448 416
12 1.58632 420
12.5 1.54833 448
13 1.51071 416
13.5 1.47364 420
14 1.43726 424
14.5 1.40168 332
15 1.36697 336
15.5 1.3332 364
16 1.3004 384
16.5 1.2686 340
17 1.23782 396
17.5 1.20804 340
18 1.17927 336
18.5 1.15149 336
19 1.12468 324
19.5 1.09882 400
20 1.07388 364
20.5 1.04982 320
21 1.02663 320
21.5 1.00427 340
22 0.982703 228
22.5 0.961909 228
23 0.941852 292
23.5 0.922505 208
24 0.903836 196
24.5 0.885817 252
25 0.868422 296
25.5 0.851624 344
26 0.835396 284
26.5 0.819715 280
27 0.804557 232
27.5 0.789899 232
28 0.775721 188
28.5 0.762001 164
29 0.748721 240
29.5 0.735861 148
30 0.723403 196
30.5 0.711331 224
31 0.699629 184
31.5 0.688281 188
32 0.677273 308
32.5 0.666591 276
33 0.656221 180
33.5 0.646151 224
34 0.63637 232
34.5 0.626865 160
35 0.617625 252
35.5 0.608641 224
36 0.599903 120
36.5 0.5914 224
37 0.583125 140
37.5 0.575069 196
38 0.567223 252
38.5 0.55958 132
39 0.552132 232
39.5 0.544873 228
40 0.537795 144
40.5 0.530892 208
41 0.524158 196
41.5 0.517587 236
42 0.511173 184
42.5 0.504912 156
43 0.498797 136
43.5 0.492824 192
44 0.486989 160
44.5 0.481286 232
45 0.475711 136
45.5 0.470261 172
46 0.464931 120
46.5 0.459717 176
47 0.454616 124
47.5 0.449625 168
48 0.444739 216
48.5 0.439955 120
49 0.435271 164
49.5 0.430684 176
50 0.42619 72
50.5 0.421787 56
51 0.417472 128
51.5 0.413243 192
52 0.409097 164
52.5 0.405032 156
53 0.401045 80
53.5 0.397134 132
54 0.393298 48
54.5 0.389534 208
55 0.385839 120
55.5 0.382213 112
56 0.378654 104
56.5 0.375159 124
57 0.371726 176
57.5 0.368356 140
58 0.365044 148
58.5 0.361791 168
59 0.358595 164
59.5 0.355453 64
60 0.352365 220
60.5 0.34933 80
61 0.346346 108
61.5 0.343412 180
62 0.340526 188
62.5 0.337688 144
63 0.334896 120
63.5 0.33215 168
64 0.329447 52
64.5 0.326788 100
65 0.32417 148
65.5 0.321594 140
66 0.319058 148
66.5 0.316561 104
67 0.314102 100
67.5 0.311681 100
68 0.309297 112
68.5 0.306948 200
69 0.304635 100
69.5 0.302355 140
70 0.300109 76
70.5 0.297896 56
71 0.295715 128
71.5 0.293566 148
72 0.291447 144
72.5 0.289358 116
73 0.287299 184
73.5 0.285268 152
74 0.283266 132
74.5 0.281291 52
75 0.279344 112
75.5 0.277423 120
76 0.275528 28
76.5 0.273658 116
77 0.271814 80
77.5 0.269994 108
78 0.268198 148
78.5 0.266426 104
79 0.264676 64
79.5 0.26295 76
80 0.261245 124
80.5 0.259562 132
81 0.257901 56
81.5 0.256261 124
82 0.254641 188
82.5 0.253041 140
83 0.251462 104
83.5 0.249901 84
84 0.24836 72
84.5 0.246838 80
85 0.245334 120
85.5 0.243848 92
86 0.24238 120
86.5 0.240929 100
87 0.239496 96
87.5 0.238079 76
88 0.236679 144
88.5 0.235295 144
89 0.233927 0
89.5 0.232575 100
90 0.231239 112
90.5 0.229917 44
91 0.228611 72
91.5 0.227319 84
92 0.226041 72
92.5 0.224778 76
93 0.223529 156
93.5 0.222293 116
94 0.221071 44
94.5 0.219862 64
95 0.218667 28
95.5 0.217484 24
96 0.216314 92
96.5 0.215156 76
97 0.214011 20
97.5 0.212877 80
98 0.211756 96
98.5 0.210646 48
99 0.209548 40
99.5 0.208461 160
100 0.207385 48
