0 0 0
0 0.231969 0.650419
0.1 0.164481 0.65077
0.2 0.115443 0.627186
0.3 0.0873039 0.578356
0.4 0.0819083 0.503568
0.5 0.0998951 0.403173
0.6 0.138074 0.280416
0.7 0.184351 0.144995
0.8 0.217158 0.0133198
0.9 0.218732 -0.100841
1 0.183036 -0.191903
1.1 0.111074 -0.259303
1.2 0.00699304 -0.304708
1.3 -0.122127 -0.331507
1.4 -0.264325 -0.345358
1.5 -0.401743 -0.354133
1.6 -0.515458 -0.365764
1.7 -0.592771 -0.38576
1.8 -0.628266 -0.416899
1.9 -0.621222 -0.459809
2 -0.574608 -0.512691
2.1 -0.496541 -0.569926
2.2 -0.401317 -0.621584
2.3 -0.304847 -0.656958
2.4 -0.218299 -0.668873
2.5 -0.147771 -0.653905
2.6 -0.0969331 -0.610765
2.7 -0.068693 -0.539231
2.8 -0.0653297 -0.439969
2.9 -0.0868408 -0.315436
3 -0.126406 -0.172534
3.1 -0.165187 -0.0254427
3.2 -0.179992 0.10929
3.3 -0.158852 0.221569
3.4 -0.100562 0.307509
3.5 -0.00862349 0.366305
3.6 0.111012 0.399248
3.7 0.248964 0.410534
3.8 0.390008 0.408632
3.9 0.514203 0.405197
4 0.604933 0.409959
4.1 0.653899 0.427553
4.2 0.658832 0.458619
4.3 0.621099 0.501253
4.4 0.54628 0.551039
4.5 0.446369 0.60053
4.6 0.338376 0.64061
4.7 0.237142 0.663784
4.8 0.151406 0.665486
4.9 0.0857168 0.643168
5 0.0429873 0.595261
5.1 0.0257042 0.520651
5.2 0.0358289 0.418787
5.3 0.0728548 0.29101
5.4 0.128235 0.14448
5.5 0.1793 -0.00366745
5.6 0.201196 -0.13483
5.7 0.183922 -0.240648
5.8 0.127766 -0.31998
5.9 0.036416 -0.374194
6 -0.0847368 -0.405855
6.1 -0.227214 -0.419199
6.2 -0.376525 -0.421047
6.3 -0.512197 -0.420234
6.4 -0.615646 -0.42454
6.5 -0.676843 -0.438644
6.6 -0.692604 -0.464675
6.7 -0.663451 -0.50288
6.8 -0.593432 -0.550925
6.9 -0.492645 -0.601998
7 -0.378057 -0.644717
7.1 -0.266684 -0.668118
7.2 -0.169202 -0.665741
7.3 -0.0912987 -0.634824
7.4 -0.0367912 -0.574435
7.5 -0.00906055 -0.484523
7.6 -0.0107622 -0.365941
7.7 -0.0411795 -0.221955
7.8 -0.0894439 -0.0622315
7.9 -0.129893 0.0949026
8 -0.138968 0.232692
8.1 -0.10932 0.343592
8.2 -0.0428088 0.425429
8.3 0.0557959 0.478147
8.4 0.180207 0.503313
8.5 0.321142 0.50522
8.6 0.463377 0.492558
8.7 0.586443 0.477557
8.8 0.673369 0.470445
8.9 0.71612 0.47597
9 0.712729 0.494819
9.1 0.664495 0.525334
9.2 0.576583 0.563596
9.3 0.46088 0.602623
9.4 0.33564 0.633285
9.5 0.217682 0.647694
9.6 0.117099 0.640941
9.7 0.0391327 0.610276
9.8 -0.0128494 0.553987
9.9 -0.0359403 0.470794
10 -0.0277387 0.359915
