0.156947 0.987607 0.274344 1.72634
-0.206896 0.978363 -0.361654 1.71018
-0.543332 0.839518 -0.949745 1.46748
-0.807795 0.589464 -1.41203 1.03038
-0.965251 0.261325 -1.68726 0.456797
-0.994843 -0.10143 -1.73898 -0.1773
-0.89265 -0.45075 -1.56035 -0.78791
-0.672211 -0.740359 -1.17503 -1.29415
-0.362726 -0.931896 -0.634045 -1.62895
-0.00519141 -0.999987 -0.00907458 -1.74798
0.353031 -0.935612 0.617098 -1.63545
0.664488 -0.747299 1.16153 -1.30628
0.887922 -0.459993 1.55209 -0.804068
0.993736 -0.111754 1.73705 -0.195346
0.967912 0.251289 1.69191 0.439254
0.813871 0.581045 1.42265 1.01567
0.552019 0.833831 0.96493 1.45754
0.217043 0.976162 0.379391 1.70633
-0.146685 0.989183 -0.256405 1.72909
-0.490981 0.87117 -0.858235 1.52281
-0.770239 0.637755 -1.34638 1.1148
-0.947465 0.319859 -1.65617 0.559113
-0.999183 -0.0404086 -1.74657 -0.0706342
-0.918542 -0.395323 -1.60561 -0.691025
-0.716224 -0.69787 -1.25196 -1.21988
-0.41903 -0.907972 -0.732464 -1.58714
-0.066328 -0.997798 -0.115941 -1.74415
0.29516 -0.955448 0.51594 -1.67012
0.617549 -0.786532 1.07948 -1.37486
0.858134 -0.513427 1.50002 -0.89747
0.985043 -0.172309 1.72186 -0.301196
0.981466 0.191634 1.7156 0.334977
0.847878 0.530192 1.48209 0.926776
0.601973 0.798517 1.05225 1.39581
0.276326 0.961064 0.483018 1.67994
-0.0859245 0.996302 -0.150196 1.74154
-0.436793 0.899562 -0.763514 1.57243
-0.729801 0.68366 -1.27569 1.19504
-0.926134 0.377195 -1.61888 0.659337
-0.999784 0.0207642 -1.74762 0.0362959
-0.940996 -0.338417 -1.64486 -0.591553
-0.757557 -0.652769 -1.32421 -1.14104
-0.473766 -0.880651 -0.828143 -1.53938
-0.127216 -0.991875 -0.222374 -1.7338
0.236185 -0.971708 0.412851 -1.69855
0.5683 -0.822822 0.993388 -1.43829
0.825133 -0.564938 1.44233 -0.987512
0.972664 -0.232219 1.70022 -0.405919
0.991348 0.131262 1.73288 0.229446
0.878711 0.477355 1.53599 0.834416
0.649673 0.760213 1.13563 1.32885
