0 0.45 -1.35
0 0.395467 -0.944505
0.05 0.359517 -0.592224
0.1 0.335018 -0.432292
0.15 0.317134 -0.315591
0.2 0.30574 -0.178611
0.25 0.297807 -0.147343
0.3 0.293112 -0.063926
0.35 0.290364 -0.0498869
0.4 0.289426 -0.00136374
0.45 0.288496 -0.0282026
0.5 0.287619 -0.0115756
0.55 0.285486 -0.0599487
0.6 0.282743 -0.0519713
0.65 0.278597 -0.100072
0.7 0.275882 -0.0286953
0.75 0.275457 0.0027967
0.8 0.27347 -0.0634311
0.85 0.27076 -0.0489752
0.9 0.266223 -0.113966
0.95 0.261288 -0.0900456
1 0.257223 -0.0763273
1.05 0.250998 -0.151231
1.1 0.24572 -0.0799092
1.15 0.244366 0.00242797
1.2 0.242747 -0.0517601
1.25 0.240257 -0.0486435
1.3 0.237938 -0.0450693
1.35 0.233665 -0.107883
1.4 0.229594 -0.0665643
1.45 0.226498 -0.0592401
1.5 0.223901 -0.0477968
1.55 0.220525 -0.0784579
1.6 0.217365 -0.0545881
1.65 0.215667 -0.0224184
1.7 0.214949 -0.00982649
1.75 0.214546 -0.00706123
1.8 0.212404 -0.0627633
1.85 0.212017 0.0229738
1.9 0.216407 0.12388
1.95 0.222717 0.127324
2 0.226786 0.0556454
2.05 0.227783 -2.91982e-05
2.1 0.228444 0.0206177
2.15 0.229726 0.0284041
2.2 0.230455 0.00684593
2.25 0.23355 0.0925636
2.3 0.236913 0.0530334
2.35 0.238031 0.00522796
2.4 0.241815 0.114901
2.45 0.247328 0.10752
2.5 0.249289 0.00104352
2.55 0.250369 0.0330643
2.6 0.252006 0.0325188
2.65 0.254589 0.0622663
2.7 0.257609 0.0592824
2.75 0.258619 -0.00163601
2.8 0.258686 0.00299152
2.85 0.257471 -0.0394965
2.9 0.257272 0.0158485
2.95 0.259965 0.0750273
3 0.264403 0.0962958
3.05 0.270559 0.137963
3.1 0.275377 0.0730195
3.15 0.277703 0.0316414
3.2 0.278141 -0.00400577
3.25 0.277654 -0.0129463
3.3 0.276901 -0.0162003
3.35 0.277488 0.0273153
3.4 0.277061 -0.0285535
3.45 0.275714 -0.026004
3.5 0.272632 -0.0814534
3.55 0.267941 -0.100606
3.6 0.265065 -0.0334088
3.65 0.262607 -0.057884
3.7 0.261872 0.00944336
3.75 0.263382 0.0417441
3.8 0.266494 0.0736011
3.85 0.268564 0.0233731
3.9 0.268253 -0.0227483
3.95 0.267222 -0.0194002
4 0.265606 -0.0395006
4.05 0.264749 -0.00460797
4.1 0.262265 -0.0747794
4.15 0.259792 -0.0352656
4.2 0.26145 0.0713119
4.25 0.261277 -0.0452171
4.3 0.257517 -0.091835
4.35 0.255319 -0.0171663
4.4 0.253292 -0.0535325
4.45 0.249702 -0.081923
4.5 0.246572 -0.0517424
4.55 0.244488 -0.0360032
4.6 0.242693 -0.0358046
4.65 0.242295 0.00760905
4.7 0.242275 -0.00486995
4.75 0.243014 0.0257219
4.8 0.243007 -0.0145784
4.85 0.24175 -0.0310061
4.9 0.24006 -0.0353189
4.95 0.240091 0.0206821
5 0.240414 -0.00147369
5.05 0.239571 -0.0254388
5.1 0.2384 -0.0222727
5.15 0.236476 -0.0474682
5.2 0.233729 -0.0590549
5.25 0.231226 -0.0449714
5.3 0.228968 -0.0452124
5.35 0.22747 -0.0214034
5.4 0.227024 -0.00192096
5.45 0.225905 -0.0337871
5.5 0.223497 -0.0561213
5.55 0.222909 0.0130058
5.6 0.223062 -0.00247044
5.65 0.223818 0.0249117
5.7 0.224024 -0.00749324
5.75 0.224537 0.0201642
5.8 0.224643 -0.00795685
5.85 0.225053 0.01719
5.9 0.223864 -0.0466178
5.95 0.220617 -0.075085
6 0.218703 -0.0176859
6.05 0.215307 -0.0958698
6.1 0.210861 -0.0849355
6.15 0.206253 -0.0960837
6.2 0.202975 -0.0484367
6.25 0.201141 -0.030067
6.3 0.20064 0.00119334
6.35 0.198679 -0.0617463
6.4 0.197587 0.000476388
6.45 0.197218 -0.0117451
6.5 0.195723 -0.0400144
6.55 0.192308 -0.0840046
6.6 0.186788 -0.124997
6.65 0.180471 -0.126923
6.7 0.177152 -0.0325084
6.75 0.176655 0.00266901
6.8 0.177966 0.0393285
6.85 0.178712 0.00127728
6.9 0.178509 -0.00701875
6.95 0.178925 0.0168779
7 0.179159 -0.00215038
7.05 0.180604 0.0461869
7.1 0.17987 -0.0486254
7.15 0.177033 -0.0611967
7.2 0.175066 -0.0270887
7.25 0.173344 -0.0385003
7.3 0.170403 -0.0701085
7.35 0.166999 -0.0668542
7.4 0.165465 -0.0104326
7.45 0.167469 0.0682094
7.5 0.171028 0.07275
7.55 0.174523 0.0682264
7.6 0.177316 0.0488872
7.65 0.179138 0.0294631
7.7 0.177929 -0.0541181
7.75 0.176007 -0.0296259
7.8 0.17424 -0.0384881
7.85 0.17205 -0.0466987
7.9 0.170256 -0.0298128
7.95 0.167514 -0.0687254
8 0.162316 -0.123521
8.05 0.157278 -0.0879233
8.1 0.153448 -0.0701851
8.15 0.149024 -0.0985694
8.2 0.144169 -0.0961818
8.25 0.140698 -0.0543779
8.3 0.136578 -0.0979354
8.35 0.1308 -0.125252
8.4 0.125863 -0.0838253
8.45 0.123396 -0.0300228
8.5 0.121158 -0.052926
8.55 0.118754 -0.045336
8.6 0.115779 -0.0673345
8.65 0.112952 -0.0504291
8.7 0.111027 -0.0317776
8.75 0.110671 0.00663475
8.8 0.111372 0.0181198
8.85 0.113662 0.0612142
8.9 0.118037 0.102055
8.95 0.120416 0.0171266
9 0.119479 -0.0387641
9.05 0.119309 0.0163595
9.1 0.117593 -0.0625779
9.15 0.115131 -0.0417424
9.2 0.112111 -0.0707143
9.25 0.111437 0.0184691
9.3 0.11029 -0.0460337
9.35 0.106164 -0.102768
9.4 0.1026 -0.0536289
9.45 0.100137 -0.0467618
9.5 0.0990885 -0.00653078
9.55 0.0985172 -0.0141449
9.6 0.0982137 -0.00155298
9.65 0.0974876 -0.0217447
9.7 0.100101 0.0935228
9.75 0.102858 0.0336431
9.8 0.103937 0.0148071
9.85 0.105304 0.0343209
9.9 0.106131 0.00657864
9.95 0.105131 -0.0348095
10 0.103246 -0.0392729
10.05 0.104039 0.0466426
10.1 0.106983 0.0656331
10.15 0.108997 0.0260811
10.2 0.109162 -0.00942974
10.25 0.109678 0.0213165
10.3 0.110848 0.0245438
10.35 0.111296 0.000261234
10.4 0.109564 -0.054087
10.45 0.105902 -0.0838551
10.5 0.10072 -0.114557
10.55 0.0949855 -0.114609
10.6 0.089808 -0.0972483
10.65 0.088343 0.00866846
10.7 0.0903483 0.0576077
10.75 0.0921646 0.0243985
10.8 0.0925571 -0.00139731
10.85 0.0932426 0.0221247
10.9 0.0927479 -0.0277533
10.95 0.090394 -0.0578081
11 0.0854663 -0.121179
11.05 0.0791671 -0.128507
11.1 0.0749361 -0.0600169
11.15 0.073847 -0.000409082
11.2 0.073067 -0.0240615
11.25 0.0724596 -0.00548254
11.3 0.0724111 0.00155218
11.35 0.0734356 0.0310366
11.4 0.0749453 0.0296856
11.45 0.0762716 0.0247292
11.5 0.0777297 0.0316003
11.55 0.0783647 0.00213137
11.6 0.0791109 0.022049
11.65 0.0801735 0.0207778
11.7 0.0802149 -0.0103098
11.75 0.0809417 0.0283893
11.8 0.0826089 0.0360675
11.85 0.0833234 0.00211457
11.9 0.0828348 -0.0163943
11.95 0.0825474 0.00020175
12 0.0828794 0.0102259
12.05 0.0838409 0.024232
12.1 0.0854539 0.0367033
12.15 0.0883291 0.0690441
12.2 0.0917244 0.0671844
12.25 0.0910569 -0.0582923
12.3 0.0892037 -0.0251652
12.35 0.0893707 0.0192472
12.4 0.0894218 -0.00915134
12.45 0.0887131 -0.0169595
12.5 0.0864889 -0.0597947
12.55 0.0844512 -0.0300748
12.6 0.0831231 -0.0245685
12.65 0.0825934 -0.0027768
12.7 0.0832851 0.0230881
12.75 0.0820373 -0.0517458
12.8 0.0782377 -0.089432
12.85 0.0756213 -0.0315489
12.9 0.0746312 -0.0132207
12.95 0.0730817 -0.0408702
13 0.0722501 -0.00308039
13.05 0.0727714 0.0179538
13.1 0.0729354 -0.004915
13.15 0.0723401 -0.0157966
13.2 0.0724674 0.0127833
13.25 0.0718835 -0.0253184
13.3 0.0723925 0.0299843
13.35 0.0752867 0.0733868
13.4 0.0789352 0.0726475
13.45 0.0805084 0.00843136
13.5 0.0802215 -0.0136409
13.55 0.0789838 -0.0309256
13.6 0.0766142 -0.0565259
13.65 0.0735072 -0.0651949
13.7 0.0708027 -0.0478236
13.75 0.0679945 -0.0607489
13.8 0.0673715 0.0145111
13.85 0.0667997 -0.0259073
13.9 0.065297 -0.0323289
13.95 0.0650783 0.0112366
14 0.0652808 3.36054e-05
14.05 0.0653362 0.00170439
14.1 0.065904 0.0167313
14.15 0.0679468 0.0542721
14.2 0.0683847 -0.0166604
14.25 0.0677414 -0.0107342
14.3 0.0665407 -0.031397
14.35 0.0646116 -0.0425452
14.4 0.0614221 -0.0755679
14.45 0.0593705 -0.0217011
14.5 0.060347 0.0425209
14.55 0.0613157 0.00642998
14.6 0.061665 0.00728542
14.65 0.0606445 -0.0358435
14.7 0.057607 -0.0745797
14.75 0.0545654 -0.0530811
14.8 0.0515079 -0.0655767
14.85 0.0490998 -0.0383806
14.9 0.0487324 0.00998594
14.95 0.0481384 -0.0240711
15 0.0465267 -0.0367523
15.05 0.0439915 -0.0584289
15.1 0.0394872 -0.107646
15.15 0.0362528 -0.0406269
15.2 0.0338655 -0.0516596
15.25 0.0317925 -0.0357124
15.3 0.0297371 -0.0440697
15.35 0.0284828 -0.014457
15.4 0.0287539 0.0165134
15.45 0.0303891 0.0417009
15.5 0.0320982 0.0299432
15.55 0.0323118 -0.0100656
15.6 0.0337592 0.0506912
15.65 0.0358398 0.03649
15.7 0.0379191 0.0443813
15.75 0.0391491 0.0135261
15.8 0.0391441 -0.00770851
15.85 0.0406358 0.0507561
15.9 0.0428717 0.0412909
15.95 0.0442573 0.020096
16 0.048146 0.109878
16.05 0.0531044 0.0930632
16.1 0.0558273 0.032838
16.15 0.0579132 0.0466236
16.2 0.0606684 0.0597702
16.25 0.0613271 -0.0128561
16.3 0.0632554 0.067226
16.35 0.0668787 0.0752986
16.4 0.0717692 0.110256
16.45 0.0770974 0.104371
16.5 0.07994 0.0302517
16.55 0.0817269 0.0387557
16.6 0.0824933 0.00223266
16.65 0.0837406 0.0375928
16.7 0.0870116 0.0808734
16.75 0.0908436 0.0741799
16.8 0.0951447 0.0925254
16.85 0.098592 0.0556963
16.9 0.10035 0.0236493
16.95 0.100892 0.00366966
17 0.100933 -0.000749901
17.05 0.100947 0.000856464
17.1 0.101121 0.00491508
17.15 0.0994013 -0.0562842
17.2 0.0972545 -0.0354312
17.25 0.0950117 -0.0500613
17.3 0.0920767 -0.0634485
17.35 0.0901403 -0.0248812
17.4 0.0873649 -0.0725355
17.45 0.0846313 -0.0446309
17.5 0.0834666 -0.0113549
17.55 0.0858952 0.0819671
17.6 0.0879606 0.0185576
17.65 0.086191 -0.0654654
17.7 0.0840541 -0.0299953
17.75 0.0819753 -0.0479894
17.8 0.0803643 -0.0233757
17.85 0.0762744 -0.11431
17.9 0.0726149 -0.0501447
17.95 0.0709701 -0.0232259
18 0.0692722 -0.0399065
18.05 0.0664024 -0.0670854
18.1 0.0641068 -0.0340354
18.15 0.0606972 -0.0871765
18.2 0.0568766 -0.0703043
18.25 0.0561224 0.0157598
18.3 0.0571282 0.0225238
18.35 0.0578359 0.00946211
18.4 0.0609158 0.0906271
18.45 0.064356 0.0565363
18.5 0.0679989 0.0818784
18.55 0.0700837 0.019211
18.6 0.070377 -0.00158996
18.65 0.069535 -0.0253342
18.7 0.0693464 0.00827059
18.75 0.068489 -0.0313168
18.8 0.0671359 -0.024653
18.85 0.0665878 -0.00330516
18.9 0.0624653 -0.126529
18.95 0.0566433 -0.110662
19 0.0524309 -0.0693977
19.05 0.0493928 -0.0558664
19.1 0.0474315 -0.0298875
19.15 0.0469983 0.00319676
19.2 0.0461728 -0.027491
19.25 0.044477 -0.03746
19.3 0.0435849 -0.00686912
19.35 0.0430355 -0.0132734
19.4 0.0433376 0.0168176
19.45 0.0421912 -0.0450879
19.5 0.0420041 0.0193436
19.55 0.03979 -0.0797447
19.6 0.0383299 -0.000950516
19.65 0.0377478 -0.0175973
19.7 0.0358992 -0.0477417
19.75 0.0342429 -0.024925
19.8 0.0315397 -0.0702626
19.85 0.0275145 -0.0861211
19.9 0.0230534 -0.0908411
19.95 0.020477 -0.0295176
20 0.0199355 -0.000384249
20.05 0.0210299 0.0342964
20.1 0.0208741 -0.0239973
20.15 0.0208704 0.0132792
20.2 0.0204547 -0.0203585
20.25 0.0183647 -0.0537152
20.3 0.014477 -0.091079
20.35 0.0101706 -0.0832542
20.4 0.00641015 -0.0706245
20.45 0.00433981 -0.0250442
20.5 0.00355053 -0.0105974
20.55 0.00413077 0.0239847
20.6 0.00307666 -0.0462146
20.65 0.000927302 -0.0411316
20.7 0.000927455 0.0229665
20.75 0.00129916 -0.00124604
20.8 0.00271959 0.0449277
20.85 0.00234329 -0.0367987
20.9 -0.000220149 -0.0592827
20.95 -0.00175713 -0.0147671
21 -0.00276464 -0.0231302
21.05 -0.00513005 -0.0607462
21.1 -0.00910641 -0.0899125
21.15 -0.0107381 -0.000617224
21.2 -0.00859181 0.0671803
21.25 -0.00454962 0.0883705
21.3 -0.000409327 0.0795958
21.35 0.00301302 0.0621377
21.4 0.00548698 0.0423505
21.45 0.00561583 -0.0196297
21.5 0.00552607 0.00816307
21.55 0.00469152 -0.0305448
21.6 0.00329225 -0.0265215
21.65 0.00233203 -0.0150958
21.7 0.00075897 -0.0405577
21.75 -0.00178215 -0.0564891
21.8 -0.00401568 -0.0380172
21.85 -0.00580099 -0.0343714
21.9 -0.00850485 -0.0650104
21.95 -0.0117483 -0.0647096
22 -0.0131852 -0.0086209
22.05 -0.0163523 -0.0938117
22.1 -0.0204631 -0.0756381
22.15 -0.023186 -0.0425667
22.2 -0.0244237 -0.0147798
22.25 -0.0254526 -0.0237892
22.3 -0.0264242 -0.0169757
22.35 -0.0279121 -0.0368568
22.4 -0.029412 -0.0261304
22.45 -0.0302883 -0.0126999
22.5 -0.0283602 0.0671311
22.55 -0.0232629 0.121255
22.6 -0.0180913 0.0933515
22.65 -0.013334 0.0960277
22.7 -0.010301 0.0408415
22.75 -0.00979943 -0.0071809
22.8 -0.00870417 0.038115
22.85 -0.00957834 -0.0484991
22.9 -0.0105401 -0.00287578
22.95 -0.0109704 -0.0117918
23 -0.0101553 0.031964
23.05 -0.0102939 -0.0221594
23.1 -0.0133484 -0.0827479
23.15 -0.0144542 0.0117612
23.2 -0.0145998 -0.0111005
23.25 -0.0123804 0.0753072
23.3 -0.0106512 0.0118076
23.35 -0.0100952 0.0107232
23.4 -0.00971819 0.00575364
23.45 -0.00714436 0.0769373
23.5 -0.00460863 0.0360123
23.55 -0.00373548 0.00708591
23.6 -0.00273551 0.0271836
23.65 -0.00228128 -0.00103074
23.7 -0.00366032 -0.0423677
23.75 -0.00551216 -0.0340147
23.8 -0.00559278 0.0164783
23.85 -0.00445628 0.0261916
23.9 -0.00462796 -0.0199677
23.95 -0.007854 -0.0893119
24 -0.0107279 -0.0396337
24.05 -0.0119887 -0.0171383
24.1 -0.0129064 -0.0190093
24.15 -0.0152168 -0.0613328
24.2 -0.0190292 -0.0844782
24.25 -0.0226168 -0.0645585
24.3 -0.0255426 -0.0550696
24.35 -0.0287027 -0.0676632
24.4 -0.0289277 0.0307649
24.45 -0.0267764 0.0498195
24.5 -0.0254746 0.0127251
24.55 -0.0252313 0.000474254
24.6 -0.0240221 0.0373896
24.65 -0.0242502 -0.0279767
24.7 -0.0265988 -0.0575165
24.75 -0.0296222 -0.0620406
24.8 -0.0336519 -0.0908511
24.85 -0.0351933 0.00271798
24.9 -0.0342859 0.0267391
24.95 -0.0349108 -0.0343854
25 -0.034697 0.0258528
25.05 -0.0334745 0.023635
25.1 -0.0314972 0.0483788
25.15 -0.029208 0.0442803
25.2 -0.0265408 0.0583364
25.25 -0.0240822 0.0439948
25.3 -0.0226891 0.0188219
25.35 -0.0212424 0.0345418
25.4 -0.0195331 0.0339457
25.45 -0.018818 0.00331674
25.5 -0.0174981 0.0392487
25.55 -0.0142152 0.0803201
25.6 -0.0132424 -0.0145441
25.65 -0.0139949 -0.015314
25.7 -0.0139719 0.00926538
25.75 -0.011893 0.0595626
25.8 -0.00864651 0.0678457
25.85 -0.00531316 0.0659256
25.9 -0.00206999 0.0641893
25.95 0.00101469 0.0602233
26 0.0024687 0.0116583
26.05 0.00299536 0.00989185
26.1 0.0050565 0.0586619
26.15 0.00715437 0.0325795
26.2 0.00805641 0.00990215
26.25 0.00660682 -0.0506681
26.3 0.00473635 -0.029961
26.35 0.0028391 -0.0423547
26.4 0.00160273 -0.014856
26.45 0.00179179 0.0141807
26.5 0.00153387 -0.0159481
26.55 -0.000807368 -0.0640032
26.6 -0.00167877 0.00859419
26.65 -0.00113553 0.0121188
26.7 -0.0010642 -0.00454406
26.75 -8.49209e-05 0.0330316
26.8 0.0019749 0.0457029
26.85 0.00267574 -0.0036893
26.9 0.00235283 -0.00799606
26.95 0.00420108 0.0620182
27 0.00423711 -0.0334996
27.05 0.00423749 0.018713
27.1 0.00567796 0.0344095
27.15 0.00920805 0.0907179
27.2 0.0110899 0.0079589
27.25 0.0110073 -0.00701745
27.3 0.00948079 -0.043617
27.35 0.00707399 -0.0505987
27.4 0.00412718 -0.0635167
27.45 0.00145846 -0.0476459
27.5 -0.00274363 -0.104255
27.55 -0.00535069 -0.0229835
27.6 -0.00708812 -0.0412728
27.65 -0.00968515 -0.057831
27.7 -0.0114944 -0.0240573
27.75 -0.0129073 -0.030567
27.8 -0.0128035 0.0202966
27.85 -0.0115086 0.0289915
27.9 -0.00866276 0.0724365
27.95 -0.00630348 0.0330304
28 -0.0018403 0.120544
28.05 0.00247927 0.0672175
28.1 0.00458733 0.028121
28.15 0.00377245 -0.0410739
28.2 0.00372204 0.0213596
28.25 0.00616444 0.0641325
28.3 0.00784465 0.0165197
28.35 0.00854241 0.0125062
28.4 0.00846555 -0.00937507
28.45 0.00741233 -0.0275635
28.5 0.00619076 -0.0226526
28.55 0.00383018 -0.0608625
28.6 0.00273844 -2.05176e-05
28.65 0.00389028 0.0358797
28.7 0.0045091 -0.000759652
28.75 0.0037669 -0.0226882
28.8 0.00231791 -0.0324558
28.85 -0.000295364 -0.0632589
28.9 -0.00174599 -0.00985816
28.95 -0.00320694 -0.0399907
29 -0.00477403 -0.0264744
29.05 -0.00718624 -0.0603371
29.1 -0.00945369 -0.0369253
29.15 -0.010696 -0.018072
29.2 -0.0102179 0.0249769
29.25 -0.00900785 0.0237375
29.3 -0.00940948 -0.0257582
29.35 -0.00948377 0.0120663
29.4 -0.00834149 0.0288343
29.45 -0.00549528 0.0725343
29.5 -0.00315439 0.0324033
29.55 -0.00319171 -0.0192513
29.6 -0.00331043 0.00705
29.65 -0.00217189 0.0315184
29.7 -0.0010344 0.0178264
29.75 0.000375242 0.0339446
29.8 0.00225336 0.0395349
29.85 0.00327007 0.00959016
29.9 0.00461099 0.0364024
29.95 0.00790864 0.0823672
30 0.00955369 0.00524547
30.05 0.0103507 0.0218892
30.1 0.0122045 0.0455082
30.15 0.0148794 0.0578912
30.2 0.0174302 0.0471156
30.25 0.0185639 0.00900088
30.3 0.0198809 0.0359867
30.35 0.0205816 0.00172867
30.4 0.0214357 0.0256315
30.45 0.0240722 0.0677933
30.5 0.0268841 0.0497179
30.55 0.0289324 0.0360266
30.6 0.0301054 0.0164167
30.65 0.0303975 -6.94612e-05
30.7 0.0295753 -0.0255646
30.75 0.0285471 -0.017746
30.8 0.0279101 -0.00992982
30.85 0.0306021 0.0893732
30.9 0.0325775 0.011621
30.95 0.0330956 0.00964599
31 0.0320736 -0.0372083
31.05 0.0302826 -0.0350022
31.1 0.0300093 0.0110296
31.15 0.0294945 -0.0221861
31.2 0.0304748 0.042911
31.25 0.0323002 0.0328884
31.3 0.0344766 0.0494107
31.35 0.0361265 0.0237962
31.4 0.035636 -0.0285592
31.45 0.0348197 -0.00947588
31.5 0.0315233 -0.097361
31.55 0.0306896 0.0283925
31.6 0.0287403 -0.0765536
31.65 0.027844 0.0148253
31.7 0.0297763 0.0518962
31.75 0.0299864 -0.0224279
31.8 0.0284535 -0.0352147
31.85 0.0282149 0.0122303
31.9 0.0261587 -0.0708603
31.95 0.0225173 -0.0738353
32 0.0206401 -0.0172379
32.05 0.020207 -0.00386137
32.1 0.0199524 -0.00577463
32.15 0.0198134 -0.00110416
32.2 0.0197411 -0.00163386
32.25 0.0207798 0.0332578
32.3 0.0214942 0.00367831
32.35 0.0208978 -0.0206256
32.4 0.0197873 -0.0230656
32.45 0.0205272 0.0359178
32.5 0.0207912 -0.0118304
32.55 0.0196048 -0.0303423
32.6 0.0190347 -0.000812947
32.65 0.0180943 -0.0288298
32.7 0.0163318 -0.0387918
32.75 0.0149393 -0.0217059
32.8 0.0135728 -0.0304359
32.85 0.0128214 -0.00640559
32.9 0.0135447 0.0260967
32.95 0.013446 -0.0176406
33 0.0120881 -0.0324363
33.05 0.0117822 0.00858018
33.1 0.0119569 0.000652768
33.15 0.0126315 0.0206409
33.2 0.0120261 -0.0303742
33.25 0.0115263 0.00139181
33.3 0.00994094 -0.0501448
33.35 0.00825642 -0.0244624
33.4 0.00646922 -0.0419973
33.45 0.00419219 -0.0474618
33.5 0.00272391 -0.0192268
33.55 -0.000929892 -0.103046
33.6 -0.00515263 -0.0739707
33.65 -0.00970178 -0.100366
33.7 -0.0120954 -0.0185081
33.75 -0.0125284 -0.00315084
33.8 -0.0118011 0.0244071
33.85 -0.0115271 -0.00509245
33.9 -0.00974913 0.0582078
33.95 -0.00756891 0.0353976
34 -0.00676866 0.00515902
34.05 -0.00946511 -0.0868473
34.1 -0.0144715 -0.107416
34.15 -0.0199985 -0.112146
34.2 -0.0224622 -0.0141161
34.25 -0.0226915 0.000740586
34.3 -0.0222806 0.012382
34.35 -0.0248642 -0.0873643
34.4 -0.0286346 -0.0686393
34.45 -0.0310806 -0.0378504
34.5 -0.0326552 -0.0279023
34.55 -0.0326195 0.0166867
34.6 -0.0324271 -0.00332298
34.65 -0.0346915 -0.0686598
34.7 -0.0370934 -0.036464
34.75 -0.0408752 -0.0974103
34.8 -0.0474635 -0.15078
34.85 -0.0550657 -0.152559
34.9 -0.0569576 0.0262528
34.95 -0.0540341 0.0763814
35 -0.0492415 0.106602
35.05 -0.0440272 0.102864
35.1 -0.0396605 0.0785545
35.15 -0.0363274 0.059938
35.2 -0.0347333 0.0161808
35.25 -0.0299581 0.139667
35.3 -0.0245985 0.0889287
35.35 -0.0219618 0.0324617
35.4 -0.0202778 0.034318
35.45 -0.0202483 -0.0182387
35.5 -0.022745 -0.0675672
35.55 -0.0253925 -0.0447223
35.6 -0.0272573 -0.0331052
35.65 -0.0301251 -0.0708199
35.7 -0.0336916 -0.0715254
35.75 -0.0356856 -0.0221643
35.8 -0.0374476 -0.0424977
35.85 -0.0405337 -0.072376
35.9 -0.0431492 -0.0410438
35.95 -0.0432845 0.0187022
36 -0.0432256 -0.00860697
36.05 -0.0440732 -0.0215914
36.1 -0.0463156 -0.0577729
36.15 -0.0485381 -0.0369565
36.2 -0.0498151 -0.0191357
36.25 -0.0500392 0.00370224
36.3 -0.0481321 0.0573219
36.35 -0.0446536 0.0763194
36.4 -0.0404881 0.0871109
36.45 -0.0380372 0.0276896
36.5 -0.0391954 -0.0515237
36.55 -0.039474 0.020088
36.6 -0.0406169 -0.0468047
36.65 -0.0418277 -0.0115747
36.7 -0.0443693 -0.0726834
36.75 -0.0451185 0.017243
36.8 -0.0459259 -0.0347673
36.85 -0.0480369 -0.0463286
36.9 -0.0489063 -0.00121052
36.95 -0.0491234 -0.00608461
37 -0.0487908 0.0137561
37.05 -0.0490447 -0.0155879
37.1 -0.0492972 0.000840245
37.15 -0.0498404 -0.0173837
37.2 -0.0463497 0.118403
37.25 -0.0429035 0.0412161
37.3 -0.041694 0.0146549
37.35 -0.0404094 0.0318235
37.4 -0.0400726 -0.00727732
37.45 -0.0419299 -0.0537739
37.5 -0.0441715 -0.0397844
37.55 -0.0441841 0.0218162
37.6 -0.0415692 0.0692505
37.65 -0.040561 -0.00726534
37.7 -0.0428167 -0.0661859
37.75 -0.0445853 -0.0181248
37.8 -0.0450224 -0.00349431
37.85 -0.0453439 -0.00806019
37.9 -0.0462637 -0.0241432
37.95 -0.0481699 -0.0458828
38 -0.0504361 -0.0449529
38.05 -0.0534056 -0.0673766
38.1 -0.056414 -0.0560689
38.15 -0.0577667 -0.0108224
38.2 -0.0574567 0.0156946
38.25 -0.0570527 0.0038184
38.3 -0.0572221 -0.00740582
38.35 -0.0557334 0.0504916
38.4 -0.0552673 -0.0136708
38.45 -0.0568512 -0.0416926
38.5 -0.0603273 -0.0849706
38.55 -0.0661339 -0.133382
38.6 -0.0707214 -0.0683943
38.65 -0.0718365 0.00345709
38.7 -0.0723114 -0.0167193
38.75 -0.0720736 0.0167396
38.8 -0.0712626 0.0159085
38.85 -0.0697318 0.0387897
38.9 -0.0675312 0.046873
38.95 -0.0650966 0.0496455
39 -0.0627208 0.0462669
39.05 -0.0623147 -0.013181
39.1 -0.0625818 -0.000960444
39.15 -0.0623665 0.00724192
39.2 -0.0623214 -0.00264064
39.25 -0.0614624 0.0282251
39.3 -0.0587005 0.0702497
39.35 -0.0582263 -0.0244509
39.4 -0.0606444 -0.0616496
39.45 -0.0628088 -0.0329846
39.5 -0.0630478 0.0109699
39.55 -0.0618041 0.0326073
39.6 -0.0597731 0.0450414
39.65 -0.0554703 0.108845
39.7 -0.0496978 0.118993
39.75 -0.0476123 -0.00148528
39.8 -0.0471321 0.0157826
39.85 -0.0460818 0.0238946
39.9 -0.0451116 0.0168728
39.95 -0.0446316 0.00552941
40 -0.0454869 -0.0297209
40.05 -0.0460124 0.000227181
40.1 -0.0465124 -0.0156968
40.15 -0.0463967 0.012364
40.2 -0.0449385 0.0385064
40.25 -0.0438032 0.0138578
40.3 -0.0440758 -0.016226
40.35 -0.0440244 0.0106604
40.4 -0.0429467 0.027608
40.45 -0.0431993 -0.023278
40.5 -0.0433796 0.00738066
40.55 -0.0426031 0.0200593
40.6 -0.0425444 -0.00937016
40.65 -0.0430301 -0.00989335
40.7 -0.0411627 0.0636745
40.75 -0.039062 0.0298681
40.8 -0.0373478 0.0367068
40.85 -0.0346138 0.0646432
40.9 -0.0299106 0.110374
40.95 -0.026422 0.0470165
41 -0.0253699 0.00651493
41.05 -0.0258806 -0.0195391
41.1 -0.0275534 -0.0411841
41.15 -0.0304611 -0.067554
41.2 -0.0332656 -0.0496192
41.25 -0.0359034 -0.0544433
41.3 -0.0363571 0.0162673
41.35 -0.0375852 -0.0473263
41.4 -0.0399451 -0.0470669
41.45 -0.0406345 0.00480771
41.5 -0.0421574 -0.0501057
41.55 -0.0431913 -0.00422678
41.6 -0.0428312 0.0135742
41.65 -0.0406616 0.0599841
41.7 -0.0398917 -0.00951243
41.75 -0.0393823 0.0211727
41.8 -0.0387721 0.00718332
41.85 -0.0388991 -0.0079655
41.9 -0.0412847 -0.0698415
41.95 -0.0424835 0.00166028
42 -0.0408306 0.050544
42.05 -0.0409247 -0.0311476
42.1 -0.0418469 -0.0113288
42.15 -0.042476 -0.0132663
42.2 -0.0438368 -0.0349698
42.25 -0.045698 -0.038436
42.3 -0.0491509 -0.0860668
42.35 -0.0513115 -0.0192315
42.4 -0.051497 0.00495867
42.45 -0.0517909 -0.0119203
42.5 -0.0523885 -0.0119559
42.55 -0.0528689 -0.00828361
42.6 -0.0549239 -0.0593709
42.65 -0.0568571 -0.0270561
42.7 -0.059441 -0.0653583
42.75 -0.061929 -0.0409879
42.8 -0.0638308 -0.0363419
42.85 -0.064157 0.0101293
42.9 -0.063539 0.0135911
42.95 -0.0619352 0.0423534
43 -0.0601202 0.032876
43.05 -0.0601306 -0.0186766
43.1 -0.0592408 0.0381342
43.15 -0.0572717 0.0400289
43.2 -0.0549108 0.0511725
43.25 -0.0535147 0.0149089
43.3 -0.0542456 -0.0310819
43.35 -0.053869 0.029078
43.4 -0.0521862 0.0361702
43.45 -0.0509521 0.0182357
43.5 -0.0484678 0.0671825
43.55 -0.0453315 0.0601604
43.6 -0.043138 0.0347187
43.65 -0.0393225 0.0994344
43.7 -0.0327302 0.149774
43.75 -0.028001 0.063658
43.8 -0.024252 0.0812071
43.85 -0.0203977 0.074687
43.9 -0.0163679 0.0837959
43.95 -0.0122792 0.0805413
44 -0.0109834 -0.00461126
44.05 -0.0103647 0.0218413
44.1 -0.0100466 -0.00228788
44.15 -0.0081459 0.0604656
44.2 -0.00514384 0.0597292
44.25 -0.00216291 0.0594824
44.3 0.0015356 0.0819654
44.35 0.00456231 0.0484944
44.4 0.00608685 0.0204023
44.45 0.00664179 0.0058911
44.5 0.00699904 0.00783614
44.55 0.00734334 0.00634696
44.6 0.010103 0.0823941
44.65 0.0113773 -0.0063159
44.7 0.0112883 0.000754091
44.75 0.0101476 -0.0359414
44.8 0.00833545 -0.0363671
44.85 0.0073237 -0.011204
44.9 0.00646984 -0.0203345
44.95 0.00648387 0.0117886
45 0.00733921 0.0200542
45.05 0.00960316 0.0593042
45.1 0.010486 -0.00561546
45.15 0.00891949 -0.0456456
45.2 0.00741663 -0.0213175
45.25 0.00326001 -0.117537
45.3 0.000287124 -0.0269606
45.35 -0.0026307 -0.0758104
45.4 -0.00344556 0.0169467
45.45 -0.000808787 0.0726485
45.5 0.000722689 0.00713412
45.55 -0.000381184 -0.0383572
45.6 -0.00170459 -0.0197979
45.65 -0.0029992 -0.0292622
45.7 -0.00510061 -0.0491021
45.75 -0.00514411 0.0260566
45.8 -0.00373673 0.0292797
45.85 -0.00263092 0.0180895
45.9 -0.00143438 0.0271616
45.95 -0.000386318 0.0174737
46 0.00151951 0.0495928
46.05 0.00195215 -0.0142126
46.1 0.00115385 -0.0169249
46.15 -0.000284766 -0.0353503
46.2 -0.000749744 0.00525484
46.25 -0.000794728 -0.0043343
46.3 -0.00148852 -0.019185
46.35 -0.0018373 -0.000150996
46.4 -0.00282085 -0.0305437
46.45 -0.00515685 -0.055692
46.5 -0.00718384 -0.0320302
46.55 -0.00854302 -0.0244443
46.6 -0.00906286 -0.00254174
46.65 -0.00870594 0.0125336
46.7 -0.00851516 -0.00105607
46.75 -0.00894075 -0.0126632
46.8 -0.00806633 0.0342985
46.85 -0.00687363 0.0179934
46.9 -0.00573757 0.0253321
46.95 -0.00595764 -0.0209944
47 -0.00658863 -0.00792908
47.05 -0.00704499 -0.00978462
47.1 -0.00588756 0.0415047
47.15 -0.00515401 -0.000327141
47.2 -0.00711696 -0.0609439
47.25 -0.00942037 -0.0377061
47.3 -0.0124083 -0.0719942
47.35 -0.017686 -0.124157
47.4 -0.0238732 -0.12336
47.45 -0.0276956 -0.0501637
47.5 -0.0291159 -0.0162259
47.55 -0.0294201 -0.000413867
47.6 -0.0306002 -0.0365166
47.65 -0.0309337 0.0100018
47.7 -0.0314288 -0.0210013
47.75 -0.0323742 -0.0177158
47.8 -0.033938 -0.038808
47.85 -0.0357767 -0.0355912
47.9 -0.0379027 -0.0463368
47.95 -0.0384302 0.0094402
48 -0.0369697 0.0402103
48.05 -0.0324109 0.119515
48.1 -0.030748 -0.0149365
48.15 -0.0322506 -0.0384514
48.2 -0.0330431 -0.00321516
48.25 -0.0334792 -0.0117845
48.3 -0.033349 0.0106342
48.35 -0.0343517 -0.0371601
48.4 -0.0384652 -0.10735
48.45 -0.0420452 -0.0515547
48.5 -0.0452018 -0.0695156
48.55 -0.0494751 -0.0942624
48.6 -0.0545339 -0.104908
48.65 -0.058391 -0.0615468
48.7 -0.059981 -0.0151527
48.75 -0.0591991 0.0328049
48.8 -0.0573016 0.0407759
48.85 -0.055045 0.047506
48.9 -0.0530353 0.0360641
48.95 -0.0530395 -0.0202645
49 -0.0496008 0.118395
49.05 -0.0465818 0.0279171
49.1 -0.0465344 -0.01411
49.15 -0.0469366 -0.00464557
49.2 -0.0480634 -0.0324972
49.25 -0.0507748 -0.0662912
49.3 -0.0533767 -0.0440154
49.35 -0.0552783 -0.0346456
49.4 -0.0585777 -0.0834014
49.45 -0.0627946 -0.0847549
49.5 -0.0651534 -0.0261378
49.55 -0.067565 -0.0605071
49.6 -0.0707747 -0.0661717
49.65 -0.073147 -0.0369336
49.7 -0.07337 0.0136733
49.75 -0.0730573 0.00210384
49.8 -0.0732001 -0.00561999
49.85 -0.0735681 -0.00832069
49.9 -0.0738523 -0.0042075
49.95 -0.0738665 0.00190712
50 -0.0729863 0.0263456
50.05 -0.0689498 0.110988
50.1 -0.0643415 0.0815457
50.15 -0.0593098 0.111163
50.2 -0.0564129 0.0281516
50.25 -0.056229 -0.0099862
50.3 -0.0553133 0.0340895
50.35 -0.0548484 -0.0045544
50.4 -0.0538078 0.0349467
50.45 -0.0526112 0.0177516
50.5 -0.0509201 0.042753
50.55 -0.0517065 -0.0483557
50.6 -0.0553208 -0.0855543
50.65 -0.0562313 0.0194063
50.7 -0.0560372 -0.00478732
50.75 -0.0553763 0.0232512
50.8 -0.0547037 0.00796563
50.85 -0.0538681 0.0215736
50.9 -0.0536983 -0.0067546
50.95 -0.0534073 0.0128307
51 -0.0531693 0.000249689
51.05 -0.0534227 -0.00803234
51.1 -0.0535133 0.00166549
51.15 -0.0552183 -0.0540263
51.2 -0.0577317 -0.0481056
51.25 -0.0606446 -0.0638541
51.3 -0.0601829 0.0500241
51.35 -0.0562659 0.0940511
51.4 -0.0562608 -0.0523459
51.45 -0.0599453 -0.0855127
51.5 -0.0622661 -0.0245334
51.55 -0.0628362 -0.00405594
51.6 -0.0631454 -0.00736366
51.65 -0.0658884 -0.0813059
51.7 -0.0695019 -0.0671375
51.75 -0.0752815 -0.142495
51.8 -0.0808621 -0.0942332
51.85 -0.0863229 -0.117445
51.9 -0.0868729 0.0484386
51.95 -0.0839856 0.062869
52 -0.0819588 0.0280171
52.05 -0.081249 0.00646199
52.1 -0.0800404 0.0340303
52.15 -0.0804588 -0.0320258
52.2 -0.0829177 -0.0586915
52.25 -0.0864473 -0.0771474
52.3 -0.0901954 -0.0736509
52.35 -0.0913409 0.00544649
52.4 -0.089889 0.0421723
52.45 -0.0906592 -0.0475283
52.5 -0.0912035 0.00958387
52.55 -0.0902094 0.0256051
52.6 -0.0877067 0.0636396
52.65 -0.0849296 0.0509537
52.7 -0.0823309 0.0524789
52.75 -0.0801156 0.0396861
52.8 -0.0794937 -0.00278837
52.85 -0.0790309 0.015968
52.9 -0.07813 0.0191393
52.95 -0.0777196 0.00209649
53 -0.0757076 0.0614835
53.05 -0.071266 0.103989
53.1 -0.0690742 0.0102018
53.15 -0.0695342 -0.0200213
53.2 -0.0691954 0.0217265
53.25 -0.066711 0.0652371
53.3 -0.0632765 0.0705306
53.35 -0.060199 0.056461
53.4 -0.0568954 0.0713544
53.45 -0.0535015 0.0658516
53.5 -0.0513747 0.0294674
53.55 -0.0498293 0.0316748
53.6 -0.0472049 0.0640414
53.65 -0.0448635 0.0371589
53.7 -0.0437704 0.0132964
53.75 -0.0461357 -0.0810791
53.8 -0.0487519 -0.036206
53.85 -0.0506215 -0.0380063
53.9 -0.0509892 0.00976587
53.95 -0.049433 0.0430084
54 -0.0481039 0.0173792
54.05 -0.0484053 -0.0190877
54.1 -0.0468871 0.0579321
54.15 -0.0436902 0.0672095
54.2 -0.0421579 0.0101961
54.25 -0.0408536 0.0349246
54.3 -0.0390986 0.0351552
54.35 -0.0383871 0.00253006
54.4 -0.0383134 0.000883463
54.45 -0.0366714 0.0506371
54.5 -0.0353725 0.0121786
54.55 -0.0333922 0.0548685
54.6 -0.0306716 0.0540911
54.65 -0.0278418 0.0579239
54.7 -0.0261592 0.0200584
54.75 -0.0256827 0.00364056
54.8 -0.0266008 -0.0306204
54.85 -0.0291491 -0.0622626
54.9 -0.0327623 -0.0777547
54.95 -0.035933 -0.0553306
55 -0.0398019 -0.0895873
55.05 -0.0407133 0.021631
55.1 -0.0403298 -0.000134488
55.15 -0.0413719 -0.0323764
55.2 -0.0421332 -0.00563198
55.25 -0.0432314 -0.0310552
55.3 -0.0440399 -0.00783825
55.35 -0.0439087 0.00846115
55.4 -0.0409115 0.0886078
55.45 -0.0383477 0.0303731
55.5 -0.0351758 0.0818152
55.55 -0.0330564 0.0203246
55.6 -0.0323355 0.0111034
55.65 -0.0329588 -0.0256066
55.7 -0.0331814 0.00736175
55.75 -0.0316908 0.0423077
55.8 -0.031938 -0.0313144
55.85 -0.03286 -0.0112313
55.9 -0.0350797 -0.0628521
55.95 -0.0377203 -0.0471404
56 -0.0398233 -0.0391724
56.05 -0.0429258 -0.0747441
56.1 -0.0446487 -0.0119243
56.15 -0.0432152 0.0512975
56.2 -0.0425498 -0.00791616
56.25 -0.0433868 -0.021647
56.3 -0.0446821 -0.0282504
56.35 -0.0461296 -0.029304
56.4 -0.0471824 -0.0164254
56.45 -0.0488082 -0.0414592
56.5 -0.0503722 -0.0255583
56.55 -0.0533078 -0.0771465
56.6 -0.0554563 -0.0238374
56.65 -0.0560841 -0.00624116
56.7 -0.0550681 0.0351227
56.75 -0.0535858 0.0265495
56.8 -0.053174 -0.00199723
56.85 -0.0525873 0.0193847
56.9 -0.0505592 0.0523351
56.95 -0.0459459 0.114441
57 -0.0418204 0.0645828
57.05 -0.0400287 0.0197396
57.1 -0.0381157 0.0485529
57.15 -0.0356995 0.0481343
57.2 -0.0340244 0.025292
57.25 -0.0326878 0.0275018
57.3 -0.0313996 0.0247621
57.35 -0.0307561 0.00621563
57.4 -0.0281247 0.0784706
57.45 -0.0236559 0.095352
57.5 -0.0223603 -0.0128852
57.55 -0.0220402 0.0171628
57.6 -0.0204463 0.0400513
57.65 -0.0173447 0.0742261
57.7 -0.0135353 0.0771894
57.75 -0.0111052 0.0325817
57.8 -0.00894478 0.0490862
57.85 -0.00824638 -0.00565428
57.9 -0.00733892 0.0314148
57.95 -0.00448368 0.0713749
58 0.000630431 0.119408
58.05 0.00621091 0.107116
58.1 0.0102168 0.064945
58.15 0.0123988 0.0316924
58.2 0.0128225 -0.00449624
58.25 0.0126672 -0.00232838
58.3 0.0125944 -0.0009659
58.35 0.0148125 0.0696091
58.4 0.0153608 -0.0217829
58.45 0.0146554 -0.00980554
58.5 0.0131571 -0.0411841
58.55 0.010491 -0.06003
58.6 0.0096758 0.00812513
58.65 0.00980232 -0.000596141
58.7 0.0108444 0.032783
58.75 0.0137171 0.0711535
58.8 0.0185128 0.109618
58.85 0.0215127 0.0322211
58.9 0.0221639 0.00229279
58.95 0.0224288 0.00696742
59 0.0217411 -0.0253046
59.05 0.0209592 -0.010221
59.1 0.0180407 -0.0851754
59.15 0.0153547 -0.0360942
59.2 0.0168581 0.0669666
59.25 0.0178144 -0.00760466
59.3 0.0171143 -0.0175571
59.35 0.0187732 0.0614588
59.4 0.0207297 0.0266164
59.45 0.0209167 -0.00903537
59.5 0.0212749 0.0161998
59.55 0.0222738 0.0220617
59.6 0.0230399 0.0115383
59.65 0.0237642 0.0161141
59.7 0.024357 0.00946549
59.75 0.0263584 0.0570377
59.8 0.026963 -0.0130121
59.85 0.0258348 -0.0278683
59.9 0.02428 -0.032859
59.95 0.0253358 0.0512194
60 0.026698 0.0138282
60.05 0.0267681 -0.00553858
60.1 0.0266754 0.000205175
60.15 0.0242193 -0.0765965
60.2 0.0195774 -0.101789
60.25 0.0156897 -0.06424
60.3 0.0129214 -0.0503426
60.35 0.0112207 -0.0248563
60.4 0.01077 -0.000158365
60.45 0.00996448 -0.0249947
60.5 0.00789906 -0.0503638
60.55 0.00700357 0.000230199
60.6 0.00688073 -0.00395399
60.65 0.00775745 0.0295086
60.7 0.00843146 0.00451546
60.75 0.00916822 0.0204218
60.8 0.00848272 -0.0327469
60.85 0.00847946 0.0181794
60.9 0.00814887 -0.0204433
60.95 0.00676303 -0.0317427
61 0.00761578 0.044275
61.05 0.00850701 0.00303628
61.1 0.00659703 -0.0611717
61.15 0.00240359 -0.0964345
61.2 0.000172486 -0.015642
61.25 -1.2393e-05 0.002975
61.3 0.000488538 0.0139382
61.35 0.000589115 -0.00464904
61.4 0.000880523 0.0116698
61.45 0.000934321 -0.00483936
61.5 0.000394629 -0.0141044
61.55 -0.00161265 -0.0546329
61.6 -0.00601166 -0.106486
61.65 -0.0109134 -0.0931951
61.7 -0.0134971 -0.028428
61.75 -0.0133847 0.0193702
61.8 -0.0110334 0.0624038
61.85 -0.010467 -0.0171977
61.9 -0.0120889 -0.0409069
61.95 -0.012724 0.00306085
62 -0.0128467 -0.00553059
62.05 -0.0118324 0.0346741
62.1 -0.0106792 0.0165542
62.15 -0.0105924 -0.00654011
62.2 -0.0102084 0.0156089
62.25 -0.0117717 -0.0573935
62.3 -0.0163717 -0.111207
62.35 -0.0213878 -0.0941187
62.4 -0.0243258 -0.0389474
62.45 -0.0240275 0.0310311
62.5 -0.0213799 0.0651217
62.55 -0.0173431 0.0893523
62.6 -0.0136399 0.0654368
62.65 -0.0108219 0.051223
62.7 -0.00962212 0.00876605
62.75 -0.0083286 0.0353865
62.8 -0.00818198 -0.0151889
62.85 -0.0094471 -0.0309166
62.9 -0.0105402 -0.0167812
62.95 -0.0130517 -0.0688375
63 -0.0171827 -0.090212
63.05 -0.0206932 -0.0589571
63.1 -0.0232007 -0.0451697
63.15 -0.0258382 -0.0569162
63.2 -0.0283142 -0.0453303
63.25 -0.029523 -0.0123343
63.3 -0.0320256 -0.0710467
63.35 -0.0357419 -0.0760617
63.4 -0.038584 -0.0460416
63.45 -0.0393496 0.00185939
63.5 -0.0393078 0.000263397
63.55 -0.0392788 0.000758043
63.6 -0.0405159 -0.0389474
63.65 -0.0420378 -0.025648
63.7 -0.0428068 -0.0096314
63.75 -0.043017 -0.0011663
63.8 -0.0414673 0.0489091
63.85 -0.0371478 0.107204
63.9 -0.0314692 0.116987
63.95 -0.0278277 0.0480858
64 -0.0277163 -0.0233737
64.05 -0.028161 -0.000798923
64.1 -0.0297755 -0.049831
64.15 -0.031063 -0.0122736
64.2 -0.0336844 -0.07478
64.25 -0.036287 -0.0392977
64.3 -0.0385628 -0.0489297
64.35 -0.0408256 -0.0431497
64.4 -0.0411007 0.0155224
64.45 -0.0408586 -0.00112741
64.5 -0.0380712 0.0874282
64.55 -0.0371341 -0.019625
64.6 -0.0374039 0.00255594
64.65 -0.0390226 -0.0518341
64.7 -0.0392908 0.0205842
64.75 -0.0392655 -0.0107024
64.8 -0.0397998 -0.0106652
64.85 -0.0397101 0.00874689
64.9 -0.041608 -0.0639821
64.95 -0.0452071 -0.0763581
65 -0.0486782 -0.0654626
65.05 -0.049528 0.0100794
65.1 -0.0475396 0.0562939
65.15 -0.0454371 0.0340441
65.2 -0.0447426 0.00262143
65.25 -0.0438943 0.0249552
65.3 -0.0427007 0.0232356
65.35 -0.0421895 0.00294938
65.4 -0.0430529 -0.0285344
65.45 -0.0451081 -0.048068
65.5 -0.0502228 -0.13244
65.55 -0.0571649 -0.142243
65.6 -0.0650596 -0.166435
65.65 -0.0705711 -0.0787157
65.7 -0.072873 -0.0277375
65.75 -0.0742984 -0.0289016
65.8 -0.0762263 -0.0439023
65.85 -0.076439 0.0178847
65.9 -0.0779551 -0.0571929
65.95 -0.0817007 -0.0847108
66 -0.0864498 -0.100598
66.05 -0.0915915 -0.103953
66.1 -0.0945019 -0.0325984
66.15 -0.0947959 0.0090426
66.2 -0.0963383 -0.0530786
66.25 -0.0977708 -0.0149753
66.3 -0.0979488 0.00281731
66.35 -0.0974865 0.0128222
66.4 -0.0965498 0.0220095
66.45 -0.0952832 0.0271566
66.5 -0.0939987 0.0248391
66.55 -0.0946708 -0.0347968
66.6 -0.0958266 -0.0165669
66.65 -0.0960701 0.00166852
66.7 -0.0965414 -0.0156094
66.75 -0.0962397 0.0181089
66.8 -0.0939776 0.0603331
66.85 -0.0924291 0.0145392
66.9 -0.0936829 -0.0471594
66.95 -0.0952903 -0.0237288
67 -0.0953784 0.0105042
67.05 -0.0935207 0.0519843
67.1 -0.0908225 0.0550002
67.15 -0.0857961 0.125819
67.2 -0.0793014 0.132008
67.25 -0.0748337 0.0654309
67.3 -0.0720747 0.049388
67.35 -0.0679882 0.0996804
67.4 -0.0642666 0.060246
67.45 -0.0618897 0.0403835
67.5 -0.0610302 0.00422067
67.55 -0.0604352 0.0161713
67.6 -0.0598525 0.00911799
67.65 -0.0574009 0.0712526
67.7 -0.0542273 0.0590488
67.75 -0.0541142 -0.0294399
67.8 -0.0572054 -0.0798248
67.85 -0.0578035 0.0259365
67.9 -0.0548295 0.0781297
67.95 -0.0526859 0.0231368
68 -0.0506623 0.0500993
68.05 -0.0481513 0.0502239
68.1 -0.0468072 0.0138168
68.15 -0.0464892 0.00219143
68.2 -0.0455371 0.0284247
68.25 -0.0486965 -0.114252
68.3 -0.0529369 -0.0682639
68.35 -0.0532547 0.0282119
68.4 -0.0485541 0.130627
68.45 -0.0442313 0.0616879
68.5 -0.0424099 0.0222804
68.55 -0.0428449 -0.0259833
68.6 -0.0444999 -0.0370327
68.65 -0.0473261 -0.0673314
68.7 -0.0501046 -0.0489353
68.75 -0.0531803 -0.0684603
68.8 -0.0549414 -0.0166237
68.85 -0.0570905 -0.0576431
68.9 -0.060102 -0.0615981
68.95 -0.0608102 0.0123355
69 -0.0616458 -0.0329072
69.05 -0.060315 0.059811
69.1 -0.0572657 0.0615662
69.15 -0.0539736 0.0681458
69.2 -0.0521606 0.0184143
69.25 -0.0510054 0.0256947
69.3 -0.0507117 -0.00519978
69.35 -0.051164 -0.0111809
69.4 -0.052669 -0.0406256
69.45 -0.0531783 0.00681917
69.5 -0.0504353 0.081611
69.55 -0.0495768 -0.018826
69.6 -0.0500335 -0.00371132
69.65 -0.0512333 -0.0352907
69.7 -0.0540814 -0.0689872
69.75 -0.0572055 -0.0587723
69.8 -0.0612118 -0.0919487
69.85 -0.0642956 -0.0446981
69.9 -0.0651881 -0.00283954
69.95 -0.0657323 -0.0153614
70 -0.0663604 -0.0109837
70.05 -0.067059 -0.0156236
70.1 -0.0690066 -0.0519251
70.15 -0.0705785 -0.0199618
70.2 -0.0731031 -0.0674724
70.25 -0.0756673 -0.0421832
70.3 -0.0788962 -0.077
70.35 -0.0810699 -0.024702
70.4 -0.0815681 -0.00172551
70.45 -0.0800943 0.046858
70.5 -0.0781254 0.0351527
70.55 -0.0774841 0.000347822
70.6 -0.0752781 0.0685004
70.65 -0.0707621 0.102388
70.7 -0.0646165 0.134215
70.75 -0.0598032 0.0749622
70.8 -0.057424 0.0322405
70.85 -0.0551008 0.0543463
70.9 -0.0527165 0.0439059
70.95 -0.0511141 0.0253901
71 -0.0495442 0.0347131
71.05 -0.0476168 0.0406407
71.1 -0.0461305 0.0235942
71.15 -0.0444022 0.0406488
71.2 -0.041774 0.0591501
71.25 -0.0404354 0.00866275
71.3 -0.0389588 0.0411445
71.35 -0.0359871 0.069571
71.4 -0.031845 0.0901454
71.45 -0.0275155 0.0844973
71.5 -0.0255837 0.0129879
71.55 -0.0236772 0.0521153
71.6 -0.0219459 0.0248202
71.65 -0.0188011 0.0840724
71.7 -0.0148407 0.0763936
71.75 -0.0106156 0.088925
71.8 -0.00676662 0.0702134
71.85 -0.00415136 0.0422425
71.9 -0.00305024 0.0107072
71.95 -0.00308996 -0.00721433
72 -0.00328346 -0.00199803
72.05 -0.00321503 0.00324607
72.1 -0.00252801 0.0195819
72.15 -0.00286802 -0.0215195
72.2 -0.00362136 -0.0114458
72.25 -0.00489413 -0.0332444
72.3 -0.00713989 -0.0513744
72.35 -0.00748148 0.0180426
72.4 -0.00811723 -0.0298696
72.45 -0.00898413 -0.0103205
72.5 -0.00845972 0.0220914
72.55 -0.00593803 0.066193
72.6 -0.0046031 0.0046173
72.65 -0.00654429 -0.0630261
72.7 -0.0084785 -0.025047
72.75 -0.0121744 -0.101108
72.8 -0.0146438 -0.0204529
72.85 -0.0159815 -0.0302367
72.9 -0.0170748 -0.0171664
72.95 -0.0158109 0.0489415
73 -0.0148916 0.00130386
73.05 -0.0168158 -0.0606482
73.1 -0.0173093 0.0184895
73.15 -0.0172308 -0.00787688
73.2 -0.0184991 -0.0350968
73.25 -0.0194596 -0.0103172
73.3 -0.0196377 0.000213815
73.35 -0.01963 0.000120562
73.4 -0.0187066 0.0286861
73.45 -0.0175828 0.0189831
73.5 -0.0158542 0.0432289
73.55 -0.0150412 0.00118718
73.6 -0.0154 -0.0118368
73.65 -0.0162747 -0.0206293
73.7 -0.0146525 0.0620309
73.75 -0.0123281 0.0377515
73.8 -0.0110102 0.0199661
73.85 -0.00994496 0.0220249
73.9 -0.0114462 -0.0590437
73.95 -0.0145714 -0.0643567
74 -0.0168464 -0.0349168
74.05 -0.0183438 -0.0271372
74.1 -0.0190045 -0.00542598
74.15 -0.0184579 0.0200499
74.2 -0.01853 -0.0134377
74.25 -0.0193743 -0.0187906
74.3 -0.0188783 0.0259381
74.35 -0.0181212 0.0090937
74.4 -0.0171574 0.0249379
74.45 -0.0173476 -0.0198461
74.5 -0.0160481 0.0515467
74.55 -0.0150147 0.00340383
74.6 -0.013629 0.0412504
74.65 -0.0129643 -0.00233047
74.7 -0.0150277 -0.0629524
74.75 -0.0169104 -0.0234841
74.8 -0.0183808 -0.032677
74.85 -0.0214469 -0.0772377
74.9 -0.0264396 -0.112353
74.95 -0.0293376 -0.027524
75 -0.0299692 -0.00430363
75.05 -0.0290929 0.0296907
75.1 -0.0295358 -0.0303651
75.15 -0.0304751 -0.0122993
75.2 -0.0314446 -0.023325
75.25 -0.0337068 -0.057423
75.3 -0.0378955 -0.098381
75.35 -0.0436791 -0.125178
75.4 -0.0488268 -0.0904217
75.45 -0.0515506 -0.0343393
75.5 -0.0524855 -0.00994363
75.55 -0.0525804 0.00259727
75.6 -0.0549191 -0.0742799
75.65 -0.058037 -0.0556237
75.7 -0.0587315 0.00942534
75.75 -0.0586149 -0.00163184
75.8 -0.0582695 0.0116666
75.85 -0.0606944 -0.0820225
75.9 -0.0642587 -0.0652039
75.95 -0.0661837 -0.023543
76 -0.0678808 -0.0397073
76.05 -0.0717729 -0.0990311
76.1 -0.0767284 -0.0990306
76.15 -0.0800529 -0.0482414
76.2 -0.0810693 -0.00472165
76.25 -0.079238 0.0596629
76.3 -0.0752558 0.0906985
76.35 -0.0711382 0.077591
76.4 -0.0678863 0.0579491
76.45 -0.0676432 -0.02478
76.5 -0.0662716 0.0565441
76.55 -0.0650138 0.00760295
76.6 -0.0649066 -0.000906063
76.65 -0.0646165 0.00954035
76.7 -0.0668156 -0.0738077
76.75 -0.0706853 -0.0792994
76.8 -0.0737256 -0.0504058
76.85 -0.0757513 -0.0349399
76.9 -0.0781013 -0.0536749
76.95 -0.0808403 -0.0553282
77 -0.0814706 0.0112613
77.05 -0.0825625 -0.0402912
77.1 -0.0848274 -0.0480342
77.15 -0.0864112 -0.0225047
77.2 -0.0868043 0.000321323
77.25 -0.0869383 -0.00435298
77.3 -0.0872847 -0.00835611
77.35 -0.0886037 -0.0364089
77.4 -0.0899754 -0.0223896
77.45 -0.0906821 -0.00950682
77.5 -0.0870461 0.118532
77.55 -0.0814957 0.106668
77.6 -0.0753272 0.132542
77.65 -0.0681612 0.149155
77.7 -0.0637991 0.05257
77.75 -0.0632033 -0.0107915
77.8 -0.0629746 0.0131437
77.85 -0.0629793 -0.00748164
77.9 -0.0629146 0.00619068
77.95 -0.0635392 -0.0229053
78 -0.063794 0.0048513
78.05 -0.0647868 -0.0336234
78.1 -0.0685099 -0.0971666
78.15 -0.0708893 -0.0198522
78.2 -0.0719202 -0.0210192
78.25 -0.0694504 0.0886439
78.3 -0.067261 0.0186922
78.35 -0.066172 0.0234757
78.4 -0.0669515 -0.0373804
78.45 -0.0659093 0.0533244
78.5 -0.064355 0.0186306
78.55 -0.0639195 0.00316235
78.6 -0.0636506 0.00660888
78.65 -0.0637958 -0.0082122
78.7 -0.0653542 -0.043943
78.75 -0.0679915 -0.0575959
78.8 -0.0677478 0.0397407
78.85 -0.0653681 0.0519203
78.9 -0.06392 0.0161076
78.95 -0.0648868 -0.0390966
79 -0.065577 0.000334105
79.05 -0.0650305 0.0168306
79.1 -0.0644461 0.00880239
79.15 -0.0668738 -0.0805134
79.2 -0.070471 -0.0670708
79.25 -0.0737394 -0.0643336
79.3 -0.0775415 -0.0824841
79.35 -0.0821695 -0.0980705
79.4 -0.0849035 -0.0303867
79.45 -0.0847249 0.0225241
79.5 -0.0841678 0.00477353
79.55 -0.084093 -0.000335666
79.6 -0.0826914 0.0438323
79.65 -0.0819196 -0.000435047
79.7 -0.0822879 -0.0112237
79.75 -0.0835601 -0.0333521
79.8 -0.0866155 -0.0765271
79.85 -0.0884082 -0.0131022
79.9 -0.0882567 0.0120317
79.95 -0.0894312 -0.0432907
80 -0.090873 -0.0207298
80.05 -0.0915392 -0.0091726
80.1 -0.0905236 0.0367451
80.15 -0.0886397 0.0381523
80.2 -0.0861514 0.0561856
80.25 -0.0838398 0.0406178
80.3 -0.0830812 0.000947324
80.35 -0.0820007 0.0331203
80.4 -0.0803776 0.0320511
80.45 -0.0794448 0.0111556
80.5 -0.0774702 0.0552629
80.55 -0.074721 0.0547593
80.6 -0.0740908 -0.0109457
80.65 -0.0754598 -0.0365197
80.7 -0.0757369 0.0117566
80.75 -0.0749806 0.0169901
80.8 -0.073807 0.0270617
80.85 -0.0725351 0.0244971
80.9 -0.0698947 0.0685474
80.95 -0.0661635 0.0779241
81 -0.0658016 -0.032233
81.05 -0.0659862 0.0122458
81.1 -0.0633958 0.0738282
81.15 -0.0610255 0.0325981
81.2 -0.0598499 0.0184095
81.25 -0.0610441 -0.0474648
81.3 -0.062636 -0.0230742
81.35 -0.0638141 -0.0238047
81.4 -0.0621425 0.0653437
81.45 -0.0587264 0.0698979
81.5 -0.0570569 0.0129694
81.55 -0.0576285 -0.0250423
81.6 -0.0565574 0.0473341
81.65 -0.054569 0.0354957
81.7 -0.0535059 0.0132901
81.75 -0.0521392 0.0351383
81.8 -0.0504352 0.0334461
81.85 -0.0503741 -0.0167681
81.9 -0.051077 -0.0125271
81.95 -0.0499808 0.0411303
82 -0.0527025 -0.107716
82.05 -0.0547214 -0.00273385
82.1 -0.0518434 0.0911445
82.15 -0.0474307 0.0865319
82.2 -0.0446238 0.0391004
82.25 -0.043574 0.0108617
82.3 -0.0456092 -0.0694385
82.35 -0.0493967 -0.0791776
82.4 -0.0542202 -0.106006
82.45 -0.0585457 -0.0755181
82.5 -0.0628333 -0.0913582
82.55 -0.0650021 -0.0165342
82.6 -0.0665618 -0.0393388
82.65 -0.0686484 -0.0430174
82.7 -0.0689497 0.0146344
82.75 -0.0688928 -0.00640026
82.8 -0.0676426 0.0425069
82.85 -0.0657967 0.0337493
82.9 -0.0630341 0.0671874
82.95 -0.0608553 0.0303407
83 -0.0590171 0.0403029
83.05 -0.0586971 -0.0125338
83.1 -0.0591649 -0.00757064
83.15 -0.0611546 -0.0577305
83.2 -0.0617972 0.0122154
83.25 -0.0602073 0.0426913
83.3 -0.0602216 -0.0242793
83.35 -0.0609904 -0.0103859
83.4 -0.0636114 -0.0758203
83.45 -0.066649 -0.0522641
83.5 -0.0688338 -0.038858
83.55 -0.0731926 -0.114039
83.6 -0.0766169 -0.0429713
83.65 -0.0761308 0.0391278
83.7 -0.0759202 -0.0152877
83.75 -0.0765922 -0.012391
83.8 -0.0771044 -0.00903134
83.85 -0.0795802 -0.0720558
83.9 -0.0818657 -0.0309446
83.95 -0.0831856 -0.0238258
84 -0.0840169 -0.0125858
84.05 -0.0856378 -0.0434486
84.1 -0.0870518 -0.0197791
84.15 -0.0870149 0.0121918
84.2 -0.0860068 0.0245861
84.25 -0.084694 0.027155
84.3 -0.0851302 -0.0287423
84.35 -0.0838214 0.0568008
84.4 -0.0777449 0.157514
84.45 -0.0697584 0.160766
84.5 -0.0640216 0.0888971
84.55 -0.0613672 0.0330329
84.6 -0.0590572 0.0534913
84.65 -0.0561365 0.0610903
84.7 -0.0537778 0.0393458
84.75 -0.0490622 0.124878
84.8 -0.0440886 0.0851638
84.85 -0.0413681 0.0371752
84.9 -0.0359917 0.146667
84.95 -0.0288954 0.139104
85 -0.0253597 0.0324475
85.05 -0.0227134 0.0642892
85.1 -0.0195196 0.0635658
85.15 -0.0153892 0.0931362
85.2 -0.0108301 0.0899764
85.25 -0.00828958 0.028883
85.3 -0.00670126 0.0333365
85.35 -0.00640307 -0.00932448
85.4 -0.00509789 0.0458485
85.45 -0.00090871 0.104856
85.5 0.00501585 0.125955
85.55 0.0126513 0.167453
85.6 0.0189397 0.102341
85.65 0.0227267 0.060796
85.7 0.0246189 0.0249826
85.75 0.0255766 0.0158768
85.8 0.0262613 0.0124585
85.85 0.0282769 0.0558107
85.9 0.0292704 -0.000220505
85.95 0.029336 0.00216748
86 0.0276587 -0.0534425
86.05 0.0243642 -0.0727543
86.1 0.0228764 -0.00571645
86.15 0.0217993 -0.0303495
86.2 0.0224376 0.0368209
86.25 0.0253124 0.0689656
86.3 0.0297815 0.100667
86.35 0.033201 0.0502851
86.4 0.0342313 0.00401024
86.45 0.0345345 0.00720579
86.5 0.0342448 -0.0130463
86.55 0.0347076 0.0216956
86.6 0.033535 -0.0486258
86.65 0.0323659 -0.00926112
86.7 0.0353202 0.0971681
86.75 0.0364357 -0.0195082
86.8 0.0339578 -0.0662727
86.85 0.0330346 0.00825029
86.9 0.032275 -0.0282608
86.95 0.0299445 -0.0567954
87 0.028067 -0.0267581
87.05 0.0272289 -0.0111613
87.1 0.0266722 -0.0111042
87.15 0.0275062 0.0321686
87.2 0.0287107 0.0195495
87.25 0.0306669 0.0500022
87.3 0.0318704 0.0095635
87.35 0.031817 -0.00700184
87.4 0.0313237 -0.0114515
87.45 0.0325447 0.0444135
87.5 0.0340513 0.0221224
87.55 0.0343844 -0.00197727
87.6 0.0343828 0.00105513
87.65 0.0336222 -0.0242734
87.7 0.0320313 -0.0359924
87.75 0.0306782 -0.0220403
87.8 0.0295634 -0.022412
87.85 0.0292023 0.00126697
87.9 0.0298872 0.0206202
87.95 0.0298916 -0.0113744
88 0.0286011 -0.0338364
88.05 0.0291237 0.0351637
88.1 0.0303822 0.0195611
88.15 0.0322364 0.0468177
88.2 0.0335345 0.0142878
88.25 0.0351337 0.0418211
88.3 0.0363194 0.0135766
88.35 0.0378023 0.0386007
88.4 0.0376809 -0.0253292
88.45 0.0354954 -0.0539178
88.5 0.0346367 0.00336064
88.55 0.0322903 -0.0749432
88.6 0.0288875 -0.0641282
88.65 0.0253167 -0.0753951
88.7 0.0230702 -0.027866
88.75 0.0222619 -0.00961351
88.8 0.022781 0.0215302
88.85 0.0218334 -0.0415254
88.9 0.0217499 0.020582
88.95 0.0223837 0.00824589
89 0.0218849 -0.0201373
89.05 0.0194609 -0.0642409
89.1 0.0149263 -0.105346
89.15 0.00958932 -0.107384
89.2 0.00724418 -0.0130808
89.25 0.00771571 0.0219859
89.3 0.0099896 0.0585353
89.35 0.0116933 0.0203746
89.4 0.0124429 0.0119697
89.45 0.0138058 0.035758
89.5 0.0149806 0.0166222
89.55 0.0173612 0.0648524
89.6 0.0175583 -0.0300662
89.65 0.0156467 -0.0427434
89.7 0.0145997 -0.00874053
89.75 0.0137925 -0.0202568
89.8 0.0117605 -0.051969
89.85 0.00926115 -0.0488181
89.9 0.00862686 0.00750073
89.95 0.0115243 0.0860405
90 0.0159724 0.0904794
90.05 0.0203515 0.0858548
90.1 0.0240234 0.0664151
90.15 0.0267198 0.046891
90.2 0.026379 -0.0367895
90.25 0.0253214 -0.0123962
90.3 0.0244134 -0.0213565
90.35 0.0230779 -0.0296648
90.4 0.0221326 -0.012876
90.45 0.0202356 -0.0518851
90.5 0.0158765 -0.106776
90.55 0.0116735 -0.0712745
90.6 0.00867345 -0.0536313
90.65 0.0050752 -0.08211
90.7 0.00104007 -0.0798161
90.75 -0.00161449 -0.0381055
90.8 -0.00492303 -0.0817558
90.85 -0.00989429 -0.109165
90.9 -0.0140295 -0.0678297
90.95 -0.0156989 -0.0141183
91 -0.0171438 -0.0371122
91.05 -0.01876 -0.0296124
91.1 -0.0209512 -0.0517005
91.15 -0.0229982 -0.0348843
91.2 -0.0241477 -0.0163213
91.25 -0.0237338 0.0220029
91.3 -0.0222667 0.0334003
91.35 -0.0192143 0.0764077
91.4 -0.0140821 0.117162
91.45 -0.0109494 0.0321473
91.5 -0.0111383 -0.023829
91.55 -0.0105632 0.0312094
91.6 -0.0115391 -0.0478126
91.65 -0.0132653 -0.0270613
91.7 -0.0155525 -0.0561169
91.75 -0.0154993 0.0329833
91.8 -0.0159229 -0.0316022
91.85 -0.0193288 -0.0884192
91.9 -0.0221779 -0.0393615
91.95 -0.0239297 -0.0325757
92 -0.0242704 0.00757438
92.05 -0.0241385 -0.000120178
92.1 -0.0237427 0.0123918
92.15 -0.0237736 -0.00787942
92.2 -0.0204688 0.107309
92.25 -0.0170245 0.0473507
92.3 -0.0152625 0.0284366
92.35 -0.0132154 0.0478728
92.4 -0.0117132 0.0200532
92.45 -0.0120413 -0.0214117
92.5 -0.0132585 -0.0259515
92.55 -0.0118005 0.059888
92.6 -0.00819632 0.0788031
92.65 -0.00552555 0.0391759
92.7 -0.00470794 0.00359046
92.75 -0.0035433 0.0342625
92.8 -0.00172754 0.037416
92.85 -0.00063738 0.01306
92.9 -0.00173149 -0.0413612
92.95 -0.00475948 -0.0712018
93 -0.00931069 -0.101976
93.05 -0.0144176 -0.1021
93.1 -0.0189714 -0.0848102
93.15 -0.0198163 0.0210357
93.2 -0.0171943 0.0699044
93.25 -0.014765 0.0366251
93.3 -0.0137629 0.0107596
93.35 -0.0124714 0.0342123
93.4 -0.0123633 -0.0157346
93.45 -0.014118 -0.045858
93.5 -0.01845 -0.109297
93.55 -0.0241567 -0.116693
93.6 -0.0277988 -0.04827
93.65 -0.0283022 0.0112709
93.7 -0.0284999 -0.0124481
93.75 -0.0285283 0.00606466
93.8 -0.028001 0.0130335
93.85 -0.0264041 0.0424526
93.9 -0.0243252 0.0410364
93.95 -0.022433 0.0360153
94 -0.0204122 0.0428221
94.05 -0.0192178 0.0132892
94.1 -0.0179152 0.0331433
94.15 -0.0162995 0.0318087
94.2 -0.0157082 0.000658295
94.25 -0.0144345 0.0392948
94.3 -0.0122236 0.0469109
94.35 -0.0109685 0.0128961
94.4 -0.0109195 -0.00567424
94.45 -0.0106725 0.0108607
94.5 -0.00980904 0.0208241
94.55 -0.00831916 0.0347698
94.6 -0.00618072 0.047181
94.65 -0.00278313 0.0794621
94.7 0.00113154 0.077543
94.75 0.000980464 -0.0479927
94.8 -0.000359174 -0.0149244
94.85 0.00031835 0.0294296
94.9 0.000877187 0.000973076
94.95 0.000673281 -0.00689283
95 -0.00104905 -0.0497854
95.05 -0.00258775 -0.0201226
95.1 -0.00341969 -0.014673
95.15 -0.00345594 0.0070623
95.2 -0.00227374 0.0328711
95.25 -0.0030338 -0.0420185
95.3 -0.00634841 -0.0797602
95.35 -0.0084826 -0.0219323
95.4 -0.00899328 -0.00365892
95.45 -0.010066 -0.0313629
95.5 -0.0104236 0.00637273
95.55 -0.009431 0.027353
95.6 -0.00879835 0.00443064
95.65 -0.0089278 -0.00650419
95.7 -0.00833718 0.0220227
95.75 -0.00846042 -0.0161316
95.8 -0.00749339 0.0391187
95.85 -0.00414377 0.082469
95.9 -4.24137e-05 0.081678
95.95 0.00198094 0.0174104
96 0.00214171 -0.00471302
96.05 0.00134916 -0.0220487
96.1 -0.000577884 -0.0476996
96.15 -0.00324478 -0.0564189
96.2 -0.00551175 -0.0390976
96.25 -0.00788487 -0.0520727
96.3 -0.00807535 0.0231379
96.35 -0.00821707 -0.0173297
96.4 -0.00929203 -0.0238002
96.45 -0.00908554 0.0197167
96.5 -0.00846023 0.00846534
96.55 -0.00798451 0.0100881
96.6 -0.00699868 0.0250672
96.65 -0.00454029 0.0625604
96.7 -0.00368914 -0.00841929
96.75 -0.00392164 -0.00254009
96.8 -0.00471379 -0.0232496
96.85 -0.0062367 -0.0344443
96.9 -0.00902223 -0.0675131
96.95 -0.0106722 -0.0136922
97 -0.00929651 0.0504841
97.05 -0.00793072 0.0143478
97.1 -0.00718674 0.0151581
97.15 -0.00781467 -0.0280158
97.2 -0.0104619 -0.0667965
97.25 -0.0131155 -0.0453423
97.3 -0.0157871 -0.057882
97.35 -0.0178116 -0.0307297
97.4 -0.0177975 0.0175931
97.45 -0.0180122 -0.0165073
97.5 -0.0192469 -0.0292316
97.55 -0.0214071 -0.050951
97.6 -0.0255386 -0.100211
97.65 -0.0284023 -0.0332341
97.7 -0.030421 -0.0443089
97.75 -0.0321275 -0.0284037
97.8 -0.0338185 -0.0368026
97.85 -0.0347105 -0.00723129
97.9 -0.0340791 0.0236979
97.95 -0.0320858 0.0488444
98 -0.0300205 0.037046
98.05 -0.0294528 -0.00300334
98.1 -0.0276533 0.0577133
98.15 -0.0252226 0.043472
98.2 -0.0227951 0.0513235
98.25 -0.021219 0.0204288
98.3 -0.0208799 -0.000845214
98.35 -0.019046 0.0575802
98.4 -0.0164699 0.0480761
98.45 -0.014746 0.0268426
98.5 -0.0105209 0.116586
98.55 -0.00522811 0.0997331
98.6 -0.00217269 0.0394698
98.65 0.000243875 0.0532177
98.7 0.00332787 0.0663267
98.75 0.00431341 -0.00633701
98.8 0.00656679 0.073708
98.85 0.0105132 0.0817436
98.9 0.0157251 0.116664
98.95 0.0213728 0.110743
99 0.024533 0.036587
99.05 0.0266358 0.0450549
99.1 0.0277163 0.008496
99.15 0.0292758 0.0438205
99.2 0.0328573 0.0870656
99.25 0.036998 0.0803367
99.3 0.0416061 0.0986471
99.35 0.0453586 0.0617831
99.4 0.04742 0.0297014
99.45 0.0482635 0.0096873
99.5 0.0486053 0.00523343
99.55 0.0489176 0.00680568
99.6 0.0493874 0.0108304
99.65 0.047963 -0.0504026
99.7 0.0461094 -0.0295831
99.75 0.0441582 -0.0442466
99.8 0.0415131 -0.0576669
99.85 0.0398649 -0.0191326
99.9 0.0373762 -0.0668197
