0 0.45 -1.35
0 0.388498 -1.13676
0.05 0.339204 -0.869251
0.1 0.29946 -0.737027
0.15 0.265953 -0.618136
0.2 0.239656 -0.454779
0.25 0.218708 -0.391067
0.3 0.202606 -0.268822
0.35 0.190608 -0.217598
0.4 0.182143 -0.13215
0.45 0.175574 -0.13063
0.5 0.170177 -0.0904716
0.55 0.164653 -0.125641
0.6 0.158854 -0.108423
0.65 0.152107 -0.15507
0.7 0.146608 -0.0753503
0.75 0.14414 -0.0294244
0.8 0.140911 -0.0913771
0.85 0.136807 -0.0748574
0.9 0.131043 -0.146058
0.95 0.124274 -0.127043
1 0.118284 -0.114114
1.05 0.110173 -0.19881
1.1 0.102194 -0.1294
1.15 0.0984239 -0.0339961
1.2 0.0953943 -0.0808531
1.25 0.0915387 -0.0741566
1.3 0.0880293 -0.0670646
1.35 0.0827419 -0.1352
1.4 0.0770977 -0.0956778
1.45 0.0725654 -0.0866827
1.5 0.0686452 -0.0719745
1.55 0.0641502 -0.103496
1.6 0.0596773 -0.0786124
1.65 0.0568349 -0.0401326
1.7 0.0554193 -0.0192377
1.75 0.0547501 -0.00888896
1.8 0.0526907 -0.0658371
1.85 0.0520434 0.0275188
1.9 0.0569524 0.152094
1.95 0.0653447 0.179682
2 0.0725765 0.117656
2.05 0.0767871 0.0585287
2.1 0.0802189 0.0762811
2.15 0.0842465 0.0837153
2.2 0.0877425 0.0592849
2.25 0.0933634 0.15291
2.3 0.100039 0.118527
2.35 0.10449 0.0663414
2.4 0.111162 0.18458
2.45 0.120503 0.188303
2.5 0.126739 0.0759444
2.55 0.131281 0.102092
2.6 0.136281 0.0982695
2.65 0.142074 0.129197
2.7 0.148507 0.128085
2.75 0.152993 0.0602676
2.8 0.155913 0.0568811
2.85 0.157218 0.00252905
2.9 0.158793 0.0536198
2.95 0.163357 0.119953
3 0.170283 0.152551
3.05 0.179534 0.209642
3.1 0.188339 0.150205
3.15 0.194552 0.104291
3.2 0.198461 0.058108
3.25 0.200791 0.0377341
3.3 0.202302 0.0244459
3.35 0.204691 0.0655423
3.4 0.206181 0.00243201
3.45 0.206141 -0.00325947
3.5 0.204015 -0.0725063
3.55 0.199383 -0.107895
3.6 0.195752 -0.0455695
3.65 0.192672 -0.0737724
3.7 0.191026 -0.0016485
3.75 0.192184 0.0421076
3.8 0.195617 0.0888601
3.85 0.198828 0.0453078
3.9 0.199691 -0.00419794
3.95 0.199447 -0.0054205
4 0.198431 -0.0316671
4.05 0.1978 0.00197262
4.1 0.195666 -0.0767741
4.15 0.192803 -0.0422934
4.2 0.194052 0.0764198
4.25 0.194556 -0.0406678
4.3 0.190847 -0.0997221
4.35 0.187911 -0.027293
4.4 0.185433 -0.0665146
4.45 0.181079 -0.102711
4.5 0.176695 -0.0760719
4.55 0.173359 -0.0594905
4.6 0.170431 -0.0577638
4.65 0.168971 -0.00732516
4.7 0.168424 -0.0137069
4.75 0.16884 0.0251646
4.8 0.169034 -0.0124058
4.85 0.16789 -0.0308636
4.9 0.166138 -0.0381728
4.95 0.165953 0.0226765
5 0.166564 0.00420158
5.05 0.166056 -0.0211453
5.1 0.165034 -0.019855
5.15 0.163194 -0.0497239
5.2 0.160194 -0.0677943
5.25 0.157093 -0.0575302
5.3 0.154141 -0.0600961
5.35 0.151847 -0.034948
5.4 0.150789 -0.0106069
5.45 0.149372 -0.0418662
5.5 0.146529 -0.0682511
5.55 0.145212 0.00575414
5.6 0.145211 -0.00445772
5.65 0.145963 0.029955
5.7 0.146618 0.000166784
5.75 0.147527 0.0319325
5.8 0.148352 0.00468306
5.85 0.149373 0.0324268
5.9 0.149039 -0.0365707
5.95 0.146088 -0.0761183
6 0.143834 -0.021288
6.05 0.140282 -0.109008
6.1 0.134855 -0.108032
6.15 0.128885 -0.127942
6.2 0.123803 -0.081392
6.25 0.120365 -0.0590095
6.3 0.118534 -0.01945
6.35 0.115772 -0.0825692
6.4 0.113547 -0.0153237
6.45 0.112589 -0.0220596
6.5 0.110684 -0.0503237
6.55 0.106714 -0.101529
6.6 0.100095 -0.155817
6.65 0.0918825 -0.170491
6.7 0.0860979 -0.0736408
6.75 0.0837334 -0.0270792
6.8 0.0838626 0.0252661
6.85 0.0843094 -0.00356541
6.9 0.084018 -0.00755106
6.95 0.0844926 0.0225133
7 0.0851797 0.00701842
7.05 0.0871349 0.0635944
7.1 0.0875242 -0.034906
7.15 0.0851565 -0.0568134
7.2 0.0831817 -0.0262035
7.25 0.0814737 -0.0402002
7.3 0.0783733 -0.0786101
7.35 0.0743478 -0.0818604
7.4 0.0719234 -0.022907
7.45 0.0734399 0.0710047
7.5 0.0775918 0.0921376
7.55 0.0824341 0.100325
7.6 0.0871096 0.0881809
7.65 0.0910296 0.0708239
7.7 0.0919056 -0.0232651
7.75 0.0911725 -0.00806742
7.8 0.0903089 -0.0242866
7.85 0.0886517 -0.0398795
7.9 0.0870209 -0.0270185
7.95 0.0843528 -0.0734418
8 0.0786954 -0.143373
8.05 0.0722491 -0.117715
8.1 0.066758 -0.103649
8.15 0.0606051 -0.137747
8.2 0.0536237 -0.14089
8.25 0.0477988 -0.0976995
8.3 0.0416044 -0.14376
8.35 0.0334193 -0.178748
8.4 0.0255986 -0.139138
8.45 0.0203858 -0.0774525
8.5 0.0160306 -0.0943734
8.55 0.0116568 -0.0820926
8.6 0.00696108 -0.102838
8.65 0.00235766 -0.0837169
8.7 -0.00115653 -0.0599231
8.75 -0.00277784 -0.0113573
8.8 -0.00269417 0.0116363
8.85 -0.000453278 0.0701375
8.9 0.00477348 0.13071
8.95 0.00908479 0.0520992
9 0.00991643 -0.0105111
9.05 0.0109293 0.043762
9.1 0.010641 -0.0436335
9.15 0.00882457 -0.0306983
9.2 0.00620969 -0.0687502
9.25 0.00538899 0.0236308
9.3 0.00469728 -0.0424683
9.35 0.000623356 -0.11121
9.4 -0.00371194 -0.0678584
9.45 -0.00694633 -0.0621821
9.5 -0.00878175 -0.0171816
9.55 -0.00972152 -0.0200057
9.6 -0.0102211 -0.00232016
9.65 -0.0108535 -0.0205313
9.7 -0.00816336 0.110583
9.75 -0.00403611 0.0609999
9.8 -0.0014441 0.0447708
9.85 0.00145269 0.0679313
9.9 0.00406802 0.0402922
9.95 0.004716 -0.00795904
10 0.00396038 -0.0205641
10.05 0.00550035 0.0700411
10.1 0.00983975 0.0994865
10.15 0.0138067 0.0638312
10.2 0.0158894 0.0246412
10.25 0.0179749 0.0547113
10.3 0.0208421 0.0592888
10.35 0.0230616 0.0329379
10.4 0.0228816 -0.0315357
10.45 0.0200425 -0.0760184
10.5 0.0148804 -0.123934
10.55 0.00824878 -0.139118
10.6 0.00150743 -0.131377
10.65 -0.00185389 -0.0180832
10.7 -0.000870447 0.0485151
10.75 0.000956355 0.0273294
10.8 0.00171806 0.00596521
10.85 0.00283443 0.0348126
10.9 0.00312643 -0.0163243
10.95 0.00124512 -0.0538696
11 -0.00369598 -0.133076
11.05 -0.0110338 -0.157034
11.1 -0.0170732 -0.092919
11.15 -0.0198077 -0.0253847
11.2 -0.0215738 -0.0428802
11.25 -0.0230168 -0.0181019
11.3 -0.0235306 -0.00427674
11.35 -0.0226351 0.0348537
11.4 -0.0206768 0.0424146
11.45 -0.0185166 0.0437563
11.5 -0.0159735 0.0562329
11.55 -0.0139723 0.0275783
11.6 -0.0119777 0.0492586
11.65 -0.00948786 0.0501448
11.7 -0.0079324 0.0165131
11.75 -0.00596604 0.056725
11.8 -0.00279442 0.0684825
11.85 -0.000357881 0.0335648
11.9 0.000655636 0.0100781
11.95 0.0015534 0.023957
12 0.003035 0.0339347
12.05 0.00519434 0.0502084
12.1 0.00817605 0.0667679
12.15 0.0126628 0.107187
12.2 0.0181907 0.112998
12.25 0.0199817 -0.0232452
12.3 0.0194616 -0.00056704
12.35 0.0206703 0.0430638
12.4 0.0219567 0.0124391
12.45 0.022237 0.000372588
12.5 0.0207725 -0.0519398
12.55 0.0188545 -0.0279262
12.6 0.0175478 -0.0247294
12.65 0.0169662 -0.00160027
12.7 0.0177775 0.0298355
12.75 0.0170282 -0.0492431
12.8 0.0131531 -0.0990169
12.85 0.00973378 -0.0448756
12.9 0.00807559 -0.0241658
12.95 0.00605852 -0.0526614
13 0.00457985 -0.0118796
13.05 0.00478193 0.0162122
13.1 0.00504685 -0.00305472
13.15 0.00459296 -0.0136724
13.2 0.00481707 0.0183602
13.25 0.00462961 -0.0206525
13.3 0.00529769 0.0393569
13.35 0.00884376 0.094972
13.4 0.0139059 0.10591
13.45 0.0174018 0.0423062
13.5 0.0187307 0.014519
13.55 0.018741 -0.0107407
13.6 0.017177 -0.0469509
13.65 0.0142746 -0.0664596
13.7 0.0112518 -0.0557892
13.75 0.00792002 -0.074848
13.8 0.00643685 0.0049285
13.85 0.00559364 -0.0335091
13.9 0.00369863 -0.0412107
13.95 0.00299843 0.00681981
14 0.00314184 -0.000157632
14.05 0.00326659 0.00452054
14.1 0.00404498 0.0239968
14.15 0.00657178 0.0707687
14.2 0.0080939 -0.000435232
14.25 0.0081552 0.00249491
14.3 0.00755682 -0.0230128
14.35 0.00590898 -0.0405201
14.4 0.00266258 -0.0835129
14.45 -5.59694e-05 -0.0320167
14.5 0.000427931 0.0415519
14.55 0.00164839 0.0112686
14.6 0.00231872 0.0150249
14.65 0.00175129 -0.0315036
14.7 -0.00120635 -0.0802235
14.75 -0.00480827 -0.0656887
14.8 -0.00862138 -0.0842529
14.85 -0.0121163 -0.0588321
14.9 -0.0135069 -0.00405637
14.95 -0.0145906 -0.0351205
15 -0.0167354 -0.048787
15.05 -0.0199118 -0.0747227
15.1 -0.0253562 -0.134881
15.15 -0.030266 -0.0700188
15.2 -0.0340757 -0.0808203
15.25 -0.037616 -0.0630601
15.3 -0.0409748 -0.0702372
15.35 -0.0435218 -0.0361215
15.4 -0.0441905 0.004041
15.45 -0.0429287 0.041411
15.5 -0.0409255 0.0389869
15.55 -0.0400673 0.000451145
15.6 -0.0381178 0.0684163
15.65 -0.0349042 0.0610204
15.7 -0.0314665 0.0745814
15.75 -0.0285892 0.0444459
15.8 -0.0270766 0.01936
15.85 -0.0243485 0.0814147
15.9 -0.0204177 0.0763776
15.95 -0.017193 0.0553266
16 -0.0115704 0.155997
16.05 -0.00393694 0.149935
16.1 0.00184501 0.0892665
16.15 0.00665572 0.101407
16.2 0.012131 0.115562
16.25 0.0156186 0.0346318
16.3 0.0196313 0.115045
16.35 0.0257644 0.128332
16.4 0.0334331 0.172335
16.45 0.0421154 0.174431
16.5 0.0486293 0.0963473
16.55 0.0535254 0.099007
16.6 0.0571836 0.0533068
16.65 0.0607257 0.0841649
16.7 0.0662728 0.131281
16.75 0.0727706 0.128779
16.8 0.0798844 0.152419
16.85 0.0864689 0.115676
16.9 0.0911739 0.077481
16.95 0.0942226 0.048273
17 0.096258 0.0348731
17.05 0.0978446 0.0292888
17.1 0.0992796 0.0282139
17.15 0.0986151 -0.0450128
17.2 0.0966756 -0.0339816
17.25 0.0943146 -0.0572879
17.3 0.0908034 -0.0800273
17.35 0.0878101 -0.0443742
17.4 0.0840497 -0.0986913
17.45 0.0797927 -0.074672
17.5 0.0770792 -0.0386011
17.55 0.078256 0.071026
17.6 0.0802717 0.0167771
17.65 0.078529 -0.0742951
17.7 0.0756745 -0.0438615
17.75 0.0728399 -0.0664303
17.8 0.0701796 -0.0430268
17.85 0.0651154 -0.145711
17.9 0.0594953 -0.0867883
17.95 0.0559925 -0.0571724
18 0.0526968 -0.0725164
18.05 0.0482041 -0.103001
18.1 0.0440015 -0.069457
18.15 0.0388796 -0.127532
18.2 0.0328572 -0.114882
18.25 0.0298047 -0.0198053
18.3 0.0293568 -0.000650803
18.35 0.0291937 -0.00525387
18.4 0.0317095 0.0927502
18.45 0.0357477 0.0714968
18.5 0.0403778 0.108626
18.55 0.0440991 0.0481761
18.6 0.0458011 0.0231867
18.65 0.0460738 -0.00811064
18.7 0.0465432 0.0227551
18.75 0.0463955 -0.0226086
18.8 0.0452923 -0.0216212
18.85 0.0447779 -0.00160801
18.9 0.0407404 -0.141172
18.95 0.0336468 -0.14223
19 0.0275001 -0.108025
19.05 0.0224319 -0.0961438
19.1 0.0184402 -0.0672626
19.15 0.0162412 -0.0261186
19.2 0.0141782 -0.0527879
19.25 0.0112652 -0.0623717
19.3 0.0091229 -0.0278604
19.35 0.00765568 -0.0304429
19.4 0.00717653 0.00638164
19.45 0.00570204 -0.0568857
19.5 0.00480763 0.0119577
19.55 0.00241429 -0.0935578
19.6 -1.97691e-05 -0.014301
19.65 -0.00114747 -0.0288374
19.7 -0.00353385 -0.062114
19.75 -0.00602095 -0.0402184
19.8 -0.00947672 -0.091128
19.85 -0.0147333 -0.115709
19.9 -0.0208907 -0.128681
19.95 -0.0255494 -0.0659043
20 -0.0277899 -0.0286241
20.05 -0.0278828 0.0186144
20.1 -0.0284918 -0.0357139
20.15 -0.0290743 0.00676741
20.2 -0.0296461 -0.0253434
20.25 -0.0319983 -0.0635798
20.3 -0.0365353 -0.111399
20.35 -0.0421439 -0.112623
20.4 -0.0475636 -0.105024
20.45 -0.0514477 -0.0566735
20.5 -0.0536909 -0.03578
20.55 -0.0542041 0.00926382
20.6 -0.0557105 -0.0602146
20.65 -0.0586422 -0.0573512
20.7 -0.059495 0.0137808
20.75 -0.0593341 -0.00486651
20.8 -0.058004 0.0506367
20.85 -0.0578207 -0.0322614
20.9 -0.0602989 -0.0627332
20.95 -0.062219 -0.0197452
21 -0.0634466 -0.0281987
21.05 -0.066079 -0.0712804
21.1 -0.0707572 -0.110489
21.15 -0.0736832 -0.0187023
21.2 -0.0722587 0.0645436
21.25 -0.0679064 0.104148
21.3 -0.0625351 0.109798
21.35 -0.0572926 0.100934
21.4 -0.0527121 0.0843665
21.45 -0.0504395 0.0156359
21.5 -0.0490058 0.0386104
21.55 -0.0483877 -0.00772669
21.6 -0.0488723 -0.0111832
21.65 -0.049228 -0.00399358
21.7 -0.050325 -0.0356395
21.75 -0.0527949 -0.0598549
21.8 -0.0554046 -0.046273
21.85 -0.057686 -0.0450746
21.9 -0.0609743 -0.0815085
21.95 -0.0652151 -0.0872414
22 -0.0679126 -0.028423
22.05 -0.0719289 -0.119917
22.1 -0.0776054 -0.108503
22.15 -0.0820963 -0.0754164
22.2 -0.0849284 -0.0422133
22.25 -0.0871674 -0.0466886
22.3 -0.0891943 -0.0357821
22.35 -0.0915205 -0.0546811
22.4 -0.0939169 -0.0427056
22.45 -0.0955782 -0.025935
22.5 -0.0942176 0.0678242
22.55 -0.0886608 0.144119
22.6 -0.0817735 0.1327
22.65 -0.07472 0.147297
22.7 -0.0688541 0.0942432
22.75 -0.0657142 0.0386736
22.8 -0.0625645 0.0815139
22.85 -0.0612612 -0.016371
22.9 -0.0609923 0.022003
22.95 -0.0602775 0.00838548
23 -0.0585721 0.0537364
23.05 -0.0575253 -0.00417283
23.1 -0.0598422 -0.0785264
23.15 -0.0611309 0.0146008
23.2 -0.0610322 -0.00768742
23.25 -0.0586617 0.0894883
23.3 -0.0558606 0.0303569
23.35 -0.0543693 0.0293824
23.4 -0.053059 0.0237456
23.45 -0.0496081 0.103555
23.5 -0.0454486 0.067512
23.55 -0.0429497 0.0365048
23.6 -0.0405671 0.0561166
23.65 -0.0386497 0.0247126
23.7 -0.0388536 -0.0260917
23.75 -0.0401626 -0.0262151
23.8 -0.0400317 0.024667
23.85 -0.038406 0.0384721
23.9 -0.0378587 -0.0101153
23.95 -0.0407119 -0.0928973
24 -0.0441638 -0.0507065
24.05 -0.0460757 -0.0286537
24.1 -0.0475469 -0.0299777
24.15 -0.0503957 -0.0775507
24.2 -0.0551957 -0.10999
24.25 -0.060299 -0.0958781
24.3 -0.0648918 -0.0886646
24.35 -0.0697681 -0.104182
24.4 -0.0719012 0.00444016
24.45 -0.0706979 0.0390459
24.5 -0.069559 0.0103077
24.55 -0.0693014 0.0012019
24.6 -0.0680026 0.0448899
24.65 -0.0676521 -0.021966
24.7 -0.0698258 -0.0598697
24.75 -0.0731959 -0.0730766
24.8 -0.077978 -0.112779
24.85 -0.0808997 -0.0168029
24.9 -0.0807818 0.0170096
24.95 -0.0816394 -0.0432575
25 -0.0819359 0.0226246
25.05 -0.0806633 0.0275841
25.1 -0.0783308 0.061169
25.15 -0.0751694 0.0647254
25.2 -0.0713148 0.086453
25.25 -0.0672595 0.0769165
25.3 -0.0641338 0.0514201
25.35 -0.061101 0.0676437
25.4 -0.0577041 0.0680768
25.45 -0.0552614 0.0340948
25.5 -0.0525219 0.0705467
25.55 -0.0476127 0.119196
25.6 -0.0444695 0.0197057
25.65 -0.0437481 0.0103747
25.7 -0.0426344 0.0313457
25.75 -0.0394984 0.0866339
25.8 -0.0347164 0.102409
25.85 -0.0294764 0.106497
25.9 -0.024074 0.109099
25.95 -0.0186505 0.107854
26 -0.0147611 0.0546987
26.05 -0.0122551 0.046553
26.1 -0.00850756 0.0965755
26.15 -0.00441838 0.0703692
26.2 -0.00166763 0.0432043
26.25 -0.00158573 -0.0301521
26.3 -0.00280304 -0.0198755
26.35 -0.0044009 -0.0411566
26.4 -0.00579405 -0.017662
26.45 -0.00579615 0.013433
26.5 -0.00600434 -0.0176159
26.55 -0.00849202 -0.0742687
26.6 -0.0101368 -0.00121499
26.65 -0.0099711 0.00677401
26.7 -0.0100618 -0.00837937
26.75 -0.00926382 0.034553
26.8 -0.00695493 0.0550102
26.85 -0.00559664 0.0058377
26.9 -0.00550824 -0.00134651
26.95 -0.00339828 0.0754479
27 -0.0024405 -0.0239178
27.05 -0.00218228 0.0273987
27.1 -0.000254251 0.0470483
27.15 0.00401811 0.114706
27.2 0.00743239 0.0327004
27.25 0.00848617 0.0121591
27.3 0.00777206 -0.0344852
27.35 0.00554482 -0.0521823
27.4 0.00226889 -0.0756354
27.45 -0.0012597 -0.0666112
27.5 -0.0065405 -0.135313
27.55 -0.0110503 -0.0555801
27.6 -0.0143364 -0.0733942
27.65 -0.0185536 -0.0926122
27.7 -0.0221837 -0.0572113
27.75 -0.0251691 -0.0615422
27.8 -0.0265734 -0.00246484
27.85 -0.02616 0.0164643
27.9 -0.0236985 0.0742289
27.95 -0.0208674 0.0430846
28 -0.0157722 0.146758
28.05 -0.00965726 0.103442
28.1 -0.00558995 0.0643465
28.15 -0.00464984 -0.0160514
28.2 -0.00379859 0.0422989
28.25 -0.000313356 0.0905761
28.3 0.00287187 0.0430747
28.35 0.00483187 0.036188
28.4 0.00586828 0.00887945
28.45 0.00557471 -0.0171448
28.5 0.00467247 -0.0187106
28.55 0.00237064 -0.0668766
28.6 0.000701371 -0.00773133
28.65 0.0015157 0.0346339
28.7 0.0022678 4.01924e-05
28.75 0.00155974 -0.0250041
28.8 -0.000105722 -0.0396188
28.85 -0.00319932 -0.0788127
28.9 -0.00565861 -0.0264674
28.95 -0.00789782 -0.058736
29 -0.0104919 -0.046576
29.05 -0.0139199 -0.0852857
29.1 -0.0175904 -0.0642344
29.15 -0.0202171 -0.0435224
29.2 -0.0209424 0.00770113
29.25 -0.0203517 0.0149464
29.3 -0.0210042 -0.0344433
29.35 -0.0215799 0.00603651
29.4 -0.020626 0.0290257
29.45 -0.0176071 0.0842779
29.5 -0.0143589 0.050114
29.55 -0.0134341 -0.00570746
29.6 -0.0130423 0.0181839
29.65 -0.0113643 0.0452757
29.7 -0.00944612 0.0330311
29.75 -0.0072636 0.051717
29.8 -0.00441716 0.0608434
29.85 -0.00224857 0.0299562
29.9 4.66456e-05 0.0580431
29.95 0.00449201 0.1124
30 0.00789062 0.033911
30.05 0.00998053 0.0477778
30.1 0.0130892 0.073104
30.15 0.0172145 0.0895948
30.2 0.0214591 0.0811868
30.25 0.0243331 0.0392785
30.3 0.0270242 0.0648776
30.35 0.0291754 0.0262588
30.4 0.0311092 0.0481219
30.45 0.0348575 0.0954021
30.5 0.0392231 0.0810172
30.55 0.0428925 0.067461
30.6 0.0456199 0.0446061
30.65 0.0472202 0.0223277
30.7 0.047364 -0.0120018
30.75 0.0467796 -0.0114348
30.8 0.0463064 -0.00794393
30.85 0.0490117 0.101492
30.9 0.0519598 0.0263618
30.95 0.0531635 0.0222958
31 0.052724 -0.0325531
31.05 0.0509203 -0.0387225
31.1 0.0502764 0.00690586
31.15 0.0496115 -0.0287335
31.2 0.0501634 0.0414406
31.25 0.052121 0.0373496
31.3 0.054639 0.0602473
31.35 0.0569966 0.0370783
31.4 0.0571884 -0.0215906
31.45 0.0565049 -0.00759319
31.5 0.0532155 -0.110212
31.55 0.0512855 0.0162155
31.6 0.0489201 -0.0958283
31.65 0.0467536 -0.00312799
31.7 0.0479473 0.0444941
31.75 0.0480763 -0.0294778
31.8 0.0460942 -0.0473665
31.85 0.0451161 0.00172473
31.9 0.0426386 -0.0886982
31.95 0.0378244 -0.101966
32 0.0343066 -0.0460922
32.05 0.0324954 -0.0286326
32.1 0.0311134 -0.0268485
32.15 0.0300015 -0.0186821
32.2 0.0291359 -0.0162449
32.25 0.0295102 0.0256275
32.3 0.030049 -0.000598029
32.35 0.0292723 -0.026935
32.4 0.0277667 -0.0325031
32.45 0.0279615 0.0317274
32.5 0.0282169 -0.0152562
32.55 0.0268091 -0.0379881
32.6 0.0257363 -0.00878577
32.65 0.0244318 -0.0392895
32.7 0.0220513 -0.053912
32.75 0.0197849 -0.0387099
32.8 0.0175506 -0.0492001
32.85 0.0158099 -0.0237685
32.9 0.0157308 0.0153877
32.95 0.015292 -0.027244
33 0.0134174 -0.0452838
33.05 0.0123759 -0.00210222
33.1 0.0121232 -0.00730248
33.15 0.0124502 0.0171171
33.2 0.0117963 -0.0361549
33.25 0.0108851 -0.0044887
33.3 0.00904845 -0.0613449
33.35 0.0066124 -0.0390062
33.4 0.00405977 -0.0602013
33.45 0.00076637 -0.0701193
33.5 -0.00194157 -0.0418851
33.55 -0.00668774 -0.135366
33.6 -0.0128602 -0.11418
33.65 -0.0195543 -0.148783
33.7 -0.0245883 -0.0637678
33.75 -0.0270966 -0.0397013
33.8 -0.0279788 -0.000752656
33.85 -0.0286678 -0.0237252
33.9 -0.0277162 0.0517068
33.95 -0.0254996 0.0386355
34 -0.0243514 0.0109488
34.05 -0.026744 -0.0927593
34.1 -0.0324378 -0.129881
34.15 -0.0394873 -0.14931
34.2 -0.0441441 -0.0500614
34.25 -0.0460039 -0.0273103
34.3 -0.0467968 -0.00707761
34.35 -0.0501437 -0.112633
34.4 -0.0554475 -0.100931
34.45 -0.059638 -0.0706117
34.5 -0.0628167 -0.0581106
34.55 -0.0642192 -0.00502599
34.6 -0.0648584 -0.0187003
34.65 -0.0677774 -0.0886524
34.7 -0.0713737 -0.0590468
34.75 -0.0762966 -0.128473
34.8 -0.0847129 -0.198595
34.85 -0.095155 -0.216417
34.9 -0.1006 -0.0265292
34.95 -0.0998132 0.0480291
35 -0.095819 0.104144
35.05 -0.0901045 0.121908
35.1 -0.0843096 0.111157
35.15 -0.0790778 0.0995168
35.2 -0.0753759 0.0544615
35.25 -0.0687787 0.191035
35.3 -0.0603848 0.149957
35.35 -0.0545537 0.0909829
35.4 -0.0500813 0.0881615
35.45 -0.0474636 0.0249072
35.5 -0.0481183 -0.042139
35.55 -0.0499618 -0.032794
35.6 -0.0515009 -0.0292058
35.65 -0.0543373 -0.077705
35.7 -0.0585427 -0.0888989
35.75 -0.0616408 -0.0412862
35.8 -0.0643279 -0.0632
35.85 -0.0685125 -0.099258
35.9 -0.0726519 -0.0700876
35.95 -0.0742425 -0.00250425
36 -0.0749834 -0.0242133
36.05 -0.0765238 -0.0358144
36.1 -0.0794641 -0.076315
36.15 -0.0827609 -0.0579154
36.2 -0.0851099 -0.0385607
36.25 -0.0862452 -0.0105502
36.3 -0.084902 0.0554418
36.35 -0.0811645 0.0894211
36.4 -0.0759817 0.114414
36.45 -0.0718331 0.0588246
36.5 -0.0714334 -0.0308898
36.55 -0.071028 0.0379222
36.6 -0.0712415 -0.0365316
36.65 -0.0722027 -0.00596413
36.7 -0.0745187 -0.0771247
36.75 -0.0758013 0.0137429
36.8 -0.0766356 -0.0399359
36.85 -0.0791156 -0.0569286
36.9 -0.0806527 -0.010676
36.95 -0.0812537 -0.0130318
37 -0.0812185 0.0112054
37.05 -0.0814734 -0.0175586
37.1 -0.0818527 5.05784e-05
37.15 -0.0823856 -0.0188363
37.2 -0.0790081 0.133531
37.25 -0.0742429 0.0659518
37.3 -0.0716909 0.0395719
37.35 -0.0691945 0.0577836
37.4 -0.0675129 0.0151198
37.45 -0.0683861 -0.0423586
37.5 -0.070369 -0.0375422
37.55 -0.0704554 0.0256623
37.6 -0.0675254 0.083715
37.65 -0.0654896 0.00778173
37.7 -0.0670882 -0.062335
37.75 -0.0689984 -0.0196997
37.8 -0.069568 -0.00502528
37.85 -0.0699443 -0.00943021
37.9 -0.0709354 -0.0277432
37.95 -0.0730942 -0.0549231
38 -0.0759646 -0.0592365
38.05 -0.079764 -0.0887049
38.1 -0.0840276 -0.0825402
38.15 -0.0868023 -0.0347406
38.2 -0.0875664 -0.000381253
38.25 -0.0877525 -0.00627237
38.3 -0.0883086 -0.014819
38.35 -0.0871462 0.0523332
38.4 -0.0862989 -0.0101384
38.45 -0.0877589 -0.043741
38.5 -0.0915019 -0.0985648
38.55 -0.0983075 -0.164656
38.6 -0.104922 -0.107379
38.65 -0.108066 -0.0287764
38.7 -0.109899 -0.0426393
38.75 -0.110843 -0.000695157
38.8 -0.110666 0.00678102
38.85 -0.109406 0.0392482
38.9 -0.106936 0.0571259
38.95 -0.103758 0.0683949
39 -0.100251 0.0713872
39.05 -0.0984515 0.00887167
39.1 -0.0977693 0.0172777
39.15 -0.0967109 0.0241181
39.2 -0.0958415 0.0122185
39.25 -0.0942991 0.0450572
39.3 -0.0906083 0.095716
39.35 -0.0886088 -0.00267737
39.4 -0.0901552 -0.052494
39.45 -0.0921974 -0.0318823
39.5 -0.0925214 0.0129548
39.55 -0.0910966 0.0403441
39.6 -0.0885196 0.0600383
39.65 -0.0832871 0.138634
39.7 -0.0756046 0.164942
39.75 -0.0708467 0.0416737
39.8 -0.0684423 0.0529314
39.85 -0.0656462 0.058142
39.9 -0.0630183 0.0482216
39.95 -0.0610466 0.0326618
40 -0.0606567 -0.0112241
40.05 -0.0605012 0.0140677
40.1 -0.0603717 -0.00619153
40.15 -0.0599007 0.0213471
40.2 -0.0579657 0.0519209
40.25 -0.0560239 0.0287811
40.3 -0.0555518 -0.00535892
40.35 -0.0550907 0.0203623
40.4 -0.0535164 0.0399531
40.45 -0.053069 -0.0147741
40.5 -0.0529822 0.0143595
40.55 -0.0518479 0.0290241
40.6 -0.0512789 -0.00212583
40.65 -0.0514826 -0.00556076
40.7 -0.0494647 0.0754249
40.75 -0.0465069 0.0466404
40.8 -0.0438898 0.0566391
40.85 -0.0400794 0.0910773
40.9 -0.0338701 0.149349
40.95 -0.0280885 0.0897027
41 -0.0249097 0.0435168
41.05 -0.023756 0.00741196
41.1 -0.0243441 -0.0264123
41.15 -0.0268172 -0.0670256
41.2 -0.0299516 -0.0592951
41.25 -0.0332764 -0.0719182
41.3 -0.0347848 0.00179842
41.35 -0.0365688 -0.0642986
41.4 -0.0399226 -0.0691142
41.45 -0.041827 -0.0143133
41.5 -0.0441665 -0.0715696
41.55 -0.046403 -0.0241462
41.6 -0.0469388 -0.000434266
41.65 -0.0453116 0.0577245
41.7 -0.0443259 -0.00937816
41.75 -0.0438541 0.0238104
41.8 -0.0430127 0.0114681
41.85 -0.0429084 -0.00509264
41.9 -0.0452035 -0.0770526
41.95 -0.0470758 -0.00711069
42 -0.0457953 0.0506013
42.05 -0.0456198 -0.0325064
42.1 -0.0467568 -0.0152436
42.15 -0.0476109 -0.0184649
42.2 -0.0492629 -0.0441477
42.25 -0.0517025 -0.0522822
42.3 -0.0559568 -0.110065
42.35 -0.0596112 -0.0447168
42.4 -0.0610092 -0.015111
42.45 -0.0621504 -0.0286952
42.5 -0.0635362 -0.0269321
42.55 -0.0647246 -0.0213185
42.6 -0.0673823 -0.0774338
42.65 -0.0704028 -0.0473147
42.7 -0.0740026 -0.0907806
42.75 -0.0779305 -0.0691142
42.8 -0.081264 -0.0647161
42.85 -0.083007 -0.0119838
42.9 -0.083288 -0.000746768
42.95 -0.0822215 0.0381857
43 -0.0803462 0.0369388
43.05 -0.0799825 -0.0154202
43.1 -0.0790208 0.0457136
43.15 -0.0764959 0.0540915
43.2 -0.0732843 0.0719056
43.25 -0.070687 0.0366191
43.3 -0.0703623 -0.0165515
43.35 -0.0694854 0.0435848
43.4 -0.0669934 0.0545623
43.45 -0.0647432 0.0376356
43.5 -0.0612922 0.0929356
43.55 -0.0566577 0.0923888
43.6 -0.0527186 0.0682752
43.65 -0.0472324 0.141284
43.7 -0.0382719 0.207991
43.75 -0.0301959 0.125781
43.8 -0.0233766 0.144323
43.85 -0.0163216 0.138459
43.9 -0.00909973 0.148829
43.95 -0.00172041 0.146451
44 0.00288378 0.0503913
44.05 0.00588629 0.0673618
44.1 0.0083037 0.033747
44.15 0.0117584 0.0960378
44.2 0.016616 0.0978834
44.25 0.0215602 0.0995259
44.3 0.0273015 0.126385
44.35 0.0326775 0.0929582
44.4 0.0363776 0.059411
44.45 0.0387198 0.0371747
44.5 0.0404466 0.0324743
44.55 0.0418757 0.0255724
44.6 0.0454726 0.107307
44.65 0.0482264 0.0150617
44.7 0.0490012 0.015809
44.75 0.048481 -0.0304368
44.8 0.046678 -0.040314
44.85 0.0452566 -0.0193038
44.9 0.0439404 -0.0316603
44.95 0.0433033 0.00174124
45 0.0437305 0.0137361
45.05 0.0457739 0.0615675
45.1 0.0470175 -0.0032237
45.15 0.0454818 -0.0516987
45.2 0.0434307 -0.0328048
45.25 0.0386126 -0.144848
45.3 0.0337846 -0.0595092
45.35 0.0292507 -0.1144
45.4 0.0263034 -0.0164671
45.45 0.0275173 0.0554089
45.5 0.0286284 -0.00318672
45.55 0.0270714 -0.0524764
45.6 0.0248932 -0.0366944
45.65 0.0227182 -0.0486501
45.7 0.0195788 -0.0735207
45.75 0.0181744 0.00669189
45.8 0.0188334 0.0181255
45.85 0.0195704 0.0121322
45.9 0.0205699 0.0259753
45.95 0.0216784 0.0192314
46 0.0237244 0.0574533
46.05 0.0247318 -0.00840422
46.1 0.0240878 -0.0162892
46.15 0.0225611 -0.0413873
46.2 0.0216189 -0.00158006
46.25 0.0212718 -0.0110356
46.3 0.0202326 -0.0282128
46.35 0.0193596 -0.00921458
46.4 0.0179492 -0.0426988
46.45 0.0148937 -0.0751147
46.5 0.0116978 -0.0552739
46.55 0.0091249 -0.0484755
46.6 0.0073973 -0.0238606
46.65 0.00678064 -0.00350244
46.7 0.00630977 -0.0139289
46.75 0.00529267 -0.025221
46.8 0.00553028 0.0276682
46.85 0.00659074 0.0162429
46.9 0.00772568 0.0276077
46.95 0.00771989 -0.0213172
47 0.00694919 -0.0108805
47.05 0.00630485 -0.0144049
47.1 0.00719139 0.0422843
47.15 0.00815723 0.00172836
47.2 0.00626656 -0.0680055
47.25 0.00332048 -0.0519013
47.3 -0.000503847 -0.0951925
47.35 -0.00719085 -0.163052
47.4 -0.015747 -0.17708
47.45 -0.0225847 -0.105747
47.5 -0.0267209 -0.0650149
47.55 -0.0292629 -0.0399333
47.6 -0.0321876 -0.072616
47.65 -0.0342991 -0.0189401
47.7 -0.0360143 -0.0460122
47.75 -0.0381651 -0.0406694
47.8 -0.0408251 -0.062717
47.85 -0.0439096 -0.0608269
47.9 -0.0473218 -0.0738314
47.95 -0.049289 -0.0129185
48 -0.0487519 0.0288223
48.05 -0.0444728 0.128881
48.1 -0.0417649 -0.00305374
48.15 -0.0428069 -0.0344166
48.2 -0.0436069 -0.00189578
48.25 -0.0439882 -0.0119986
48.3 -0.0439151 0.0117539
48.35 -0.0448003 -0.0402102
48.4 -0.0492271 -0.125381
48.45 -0.0541428 -0.0774929
48.5 -0.058694 -0.101257
48.55 -0.0647087 -0.134701
48.6 -0.0720179 -0.154782
48.65 -0.0785936 -0.113556
48.7 -0.082769 -0.0604242
48.75 -0.0840328 0.00163424
48.8 -0.0833091 0.0242749
48.85 -0.081537 0.0439371
48.9 -0.0794062 0.0415523
48.95 -0.0789494 -0.0156631
49 -0.07538 0.13787
49.05 -0.070859 0.0540205
49.1 -0.0694863 0.00710163
49.15 -0.0689974 0.0118118
49.2 -0.0693951 -0.0230603
49.25 -0.0718316 -0.068298
49.3 -0.0748378 -0.0537999
49.35 -0.0773712 -0.0482103
49.4 -0.0814199 -0.105927
49.45 -0.0870319 -0.116927
49.5 -0.0912163 -0.0581642
49.55 -0.0951422 -0.0939877
49.6 -0.100106 -0.103191
49.65 -0.104415 -0.0730758
49.7 -0.106383 -0.0135275
49.75 -0.107158 -0.0169777
49.8 -0.108088 -0.0198361
49.85 -0.109069 -0.0193988
49.9 -0.10984 -0.0123673
49.95 -0.110191 -0.00291016
50 -0.109467 0.0277291
50.05 -0.105188 0.129717
50.1 -0.099136 0.114266
50.15 -0.0921974 0.157342
50.2 -0.0866496 0.0753428
50.25 -0.0842019 0.0287106
50.3 -0.0815968 0.0699272
50.35 -0.0793431 0.0260114
50.4 -0.0769478 0.064589
50.45 -0.074235 0.0462841
50.5 -0.0711673 0.0728042
50.55 -0.0703828 -0.028008
50.6 -0.0733263 -0.082398
50.65 -0.0745168 0.0210229
50.7 -0.0741284 -0.00237572
50.75 -0.0733633 0.0288007
50.8 -0.0723035 0.0153541
50.85 -0.071079 0.0314445
50.9 -0.0703411 0.00197898
50.95 -0.0696792 0.0218324
51 -0.0689577 0.00875014
51.05 -0.0688154 -0.00167199
51.1 -0.0686477 0.00719249
51.15 -0.0700816 -0.0560742
51.2 -0.0729456 -0.0581295
51.25 -0.0765298 -0.0819602
51.3 -0.0771761 0.0398828
51.35 -0.0734267 0.101742
51.4 -0.0725755 -0.0477872
51.45 -0.0763089 -0.0951298
51.5 -0.0794747 -0.0389085
51.55 -0.0807837 -0.016412
51.6 -0.0816361 -0.0175142
51.65 -0.0848415 -0.0996605
51.7 -0.0896604 -0.0937447
51.75 -0.0969343 -0.184862
51.8 -0.105091 -0.146326
51.85 -0.113305 -0.177793
51.9 -0.117088 0.0025364
51.95 -0.115937 0.0386701
52 -0.114612 0.0171388
52.05 -0.114197 0.00155264
52.1 -0.11313 0.0364374
52.15 -0.113225 -0.0312237
52.2 -0.115773 -0.0659863
52.25 -0.119886 -0.0946075
52.3 -0.124761 -0.09957
52.35 -0.127386 -0.0164436
52.4 -0.126826 0.032327
52.45 -0.127766 -0.0578907
52.5 -0.128966 0.00194401
52.55 -0.128212 0.0251043
52.6 -0.125552 0.0746302
52.65 -0.121915 0.0712228
52.7 -0.118113 0.0796148
52.75 -0.114386 0.0705744
52.8 -0.112154 0.0247304
52.85 -0.110452 0.0411331
52.9 -0.10832 0.0437412
52.95 -0.106688 0.024096
53 -0.103659 0.0884034
53.05 -0.0976785 0.143336
53.1 -0.093182 0.0489722
53.15 -0.09185 0.00952938
53.2 -0.0902839 0.0479499
53.25 -0.0865048 0.0966192
53.3 -0.0813252 0.108793
53.35 -0.0761741 0.0984805
53.4 -0.0707065 0.117528
53.45 -0.0648913 0.115222
53.5 -0.0602337 0.0761588
53.55 -0.0564665 0.0746248
53.6 -0.0517768 0.108339
53.65 -0.0471461 0.0804712
53.7 -0.0439488 0.0512304
53.75 -0.0445728 -0.0611887
53.8 -0.0467326 -0.0293822
53.85 -0.0484908 -0.0395403
53.9 -0.049125 0.0078691
53.95 -0.0476043 0.047616
54 -0.0458523 0.0253786
54.05 -0.0457142 -0.0145349
54.1 -0.0440972 0.0681474
54.15 -0.0401544 0.0869472
54.2 -0.0374093 0.0303245
54.25 -0.0351709 0.0557589
54.3 -0.0323241 0.0577638
54.35 -0.0304429 0.022177
54.4 -0.0294998 0.0163013
54.45 -0.0271846 0.0691916
54.5 -0.0248182 0.0305503
54.55 -0.0219782 0.0768022
54.6 -0.0180215 0.0808167
54.65 -0.01375 0.0888514
54.7 -0.0104225 0.0494111
54.75 -0.00856808 0.0276199
54.8 -0.00843154 -0.0163066
54.85 -0.0105296 -0.0615297
54.9 -0.0144552 -0.0913983
54.95 -0.0186517 -0.0781156
55 -0.0238323 -0.122982
55.05 -0.0266985 -0.00703821
55.1 -0.0274848 -0.0223517
55.15 -0.0295232 -0.0547998
55.2 -0.031455 -0.0262271
55.25 -0.0335037 -0.0521989
55.3 -0.0354167 -0.0275557
55.35 -0.0362061 -0.00676682
55.4 -0.0338462 0.0884064
55.45 -0.0308427 0.0383276
55.5 -0.0271727 0.100128
55.55 -0.0238336 0.0411982
55.6 -0.022099 0.0296725
55.65 -0.0218591 -0.0142295
55.7 -0.0217262 0.0155686
55.75 -0.0198501 0.0542642
55.8 -0.0193665 -0.024442
55.85 -0.0201629 -0.0093982
55.9 -0.0223757 -0.0708565
55.95 -0.0257095 -0.0633966
56 -0.0287876 -0.0600823
56.05 -0.033028 -0.103611
56.1 -0.0364218 -0.0404618
56.15 -0.0363182 0.0345956
56.2 -0.0361329 -0.0199228
56.25 -0.0375482 -0.0346815
56.3 -0.0395372 -0.0436288
56.35 -0.041815 -0.0469713
56.4 -0.0438034 -0.0342092
56.45 -0.0463023 -0.0619749
56.5 -0.0489879 -0.0473275
56.55 -0.0530169 -0.10591
56.6 -0.0568322 -0.0535689
56.65 -0.0588921 -0.0316854
56.7 -0.0590265 0.0194886
56.75 -0.0580473 0.0196337
56.8 -0.0577978 -0.00621306
56.85 -0.0574015 0.0187289
56.9 -0.0552961 0.059932
56.95 -0.0500718 0.138427
57 -0.0442928 0.0979635
57.05 -0.040693 0.0520492
57.1 -0.0372527 0.0815326
57.15 -0.033133 0.0829505
57.2 -0.0296777 0.058434
57.25 -0.0267548 0.0584019
57.3 -0.0239697 0.0535671
57.35 -0.0219377 0.0307033
57.4 -0.0182057 0.108148
57.45 -0.0120358 0.134906
57.5 -0.0085186 0.0208814
57.55 -0.00679358 0.0448723
57.6 -0.00390854 0.0674391
57.65 0.00058664 0.106971
57.7 0.00620051 0.116195
57.75 0.0107241 0.0706858
57.8 0.0147053 0.0863611
57.85 0.0172709 0.0244441
57.9 0.0194442 0.0579599
57.95 0.0235985 0.102195
58 0.0304048 0.161904
58.05 0.038438 0.159516
58.1 0.0452667 0.11886
58.15 0.0501171 0.0801771
58.2 0.0527949 0.0331305
58.25 0.0542253 0.0251107
58.3 0.0552982 0.0186411
58.35 0.0583223 0.0924042
58.4 0.0601807 -0.00512304
58.45 0.0600413 -0.000997974
58.5 0.0588239 -0.0421739
58.55 0.0558445 -0.0728306
58.6 0.0540983 -0.00589075
58.65 0.0535933 -0.0133061
58.7 0.0540173 0.025127
58.75 0.0566677 0.0742638
58.8 0.0619142 0.128252
58.85 0.0662472 0.0547447
58.9 0.0680019 0.0200219
58.95 0.0690029 0.0199942
59 0.0688673 -0.0200743
59.05 0.0681264 -0.0107768
59.1 0.0650717 -0.0994977
59.15 0.0612558 -0.058499
59.2 0.0615277 0.0543289
59.25 0.0622167 -0.0172462
59.3 0.0609968 -0.0298395
59.35 0.0619686 0.0570983
59.4 0.0639962 0.0278459
59.45 0.0643207 -0.00984891
59.5 0.0645422 0.0153435
59.55 0.0655329 0.0232074
59.6 0.0664093 0.0131614
59.65 0.0672105 0.0181944
59.7 0.0679239 0.0112489
59.75 0.0699983 0.0645606
59.8 0.0711745 -0.0078869
59.85 0.0701499 -0.0301092
59.9 0.068297 -0.0423244
59.95 0.0687108 0.0469617
60 0.0700955 0.0129269
60.05 0.070143 -0.00821248
60.1 0.0698496 -0.00406769
60.15 0.0671522 -0.092025
60.2 0.061381 -0.133175
60.25 0.0555318 -0.104455
60.3 0.0506091 -0.0937421
60.35 0.046688 -0.0666074
60.4 0.044224 -0.0359689
60.45 0.0417971 -0.0580905
60.5 0.0381037 -0.0858399
60.55 0.0353464 -0.0316037
60.6 0.0337859 -0.0308722
60.65 0.0334218 0.0107687
60.7 0.0333898 -0.00936154
60.75 0.0335069 0.0112882
60.8 0.0324937 -0.0443672
60.85 0.0317791 0.00872443
60.9 0.0310964 -0.0307512
60.95 0.0291219 -0.0461242
61 0.0291488 0.0362216
61.05 0.0298866 -0.00167728
61.1 0.0277577 -0.0738014
61.15 0.0226652 -0.123173
61.2 0.0187321 -0.0445239
61.25 0.01717 -0.0210478
61.3 0.0166057 -0.00380635
61.35 0.0159758 -0.0193066
61.4 0.0155777 0.000725801
61.45 0.0151909 -0.0141982
61.5 0.0141958 -0.0242392
61.55 0.0116516 -0.0711957
61.6 0.00622379 -0.136993
61.65 -0.000587979 -0.135486
61.7 -0.00553012 -0.0706966
61.75 -0.00743794 -0.0132239
61.8 -0.00643114 0.0456229
61.85 -0.00628812 -0.0298455
61.9 -0.00856169 -0.0573644
61.95 -0.0101379 -0.0117235
62 -0.0108999 -0.0179091
62.05 -0.0104622 0.0291308
62.1 -0.00937613 0.0160295
62.15 -0.00922868 -0.00705814
62.2 -0.00890299 0.0168851
62.25 -0.010331 -0.06328
62.3 -0.0154887 -0.133519
62.35 -0.0220637 -0.12979
62.4 -0.0270593 -0.076941
62.45 -0.0286337 0.00331136
62.5 -0.0270423 0.0535969
62.55 -0.0231703 0.0955767
62.6 -0.0187242 0.0837247
62.65 -0.0147557 0.0759391
62.7 -0.0121969 0.0321749
62.75 -0.00982286 0.0591262
62.8 -0.00844507 0.00337795
62.85 -0.00896971 -0.0210872
62.9 -0.0097897 -0.0127947
62.95 -0.0122129 -0.0756828
63 -0.0170022 -0.111039
63.05 -0.0218969 -0.0877181
63.1 -0.0259752 -0.0767602
63.15 -0.0302352 -0.0915472
63.2 -0.0345263 -0.0813386
63.25 -0.0375488 -0.0444
63.3 -0.0415188 -0.106066
63.35 -0.0471339 -0.116929
63.4 -0.0521562 -0.0877143
63.45 -0.0549798 -0.0325107
63.5 -0.0564242 -0.0260801
63.55 -0.0575338 -0.0191908
63.6 -0.0596237 -0.0590343
63.65 -0.0622083 -0.0460127
63.7 -0.0639824 -0.0273847
63.75 -0.0649985 -0.0148943
63.8 -0.0640325 0.0454589
63.85 -0.0595845 0.122118
63.9 -0.0526669 0.150596
63.95 -0.0469133 0.0877612
64 -0.0447805 0.00810588
64.05 -0.0439367 0.0235633
64.1 -0.0444616 -0.0365326
64.15 -0.0454016 -0.00521797
64.2 -0.0477575 -0.0790992
64.25 -0.0509189 -0.0510129
64.3 -0.0538958 -0.0659815
64.35 -0.0571438 -0.064099
64.4 -0.0585448 -0.000395073
64.45 -0.0589026 -0.0123159
64.5 -0.0565918 0.0909218
64.55 -0.0550261 -0.0143123
64.6 -0.0551406 0.00690806
64.65 -0.0565321 -0.0543607
64.7 -0.0571574 0.0195176
64.75 -0.0570505 -0.0111556
64.8 -0.0576378 -0.0121848
64.85 -0.0576479 0.00896338
64.9 -0.0594686 -0.0710719
64.95 -0.0636883 -0.0944751
65 -0.0683292 -0.0914352
65.05 -0.0706375 -0.0114896
65.1 -0.0695216 0.0481466
65.15 -0.0674602 0.0358836
65.2 -0.0664814 0.00708291
65.25 -0.0653956 0.032879
65.3 -0.063697 0.0347649
65.35 -0.0625312 0.0145299
65.4 -0.0628435 -0.0221246
65.45 -0.0647386 -0.0499214
65.5 -0.0701587 -0.152989
65.55 -0.0786655 -0.183039
65.6 -0.0890663 -0.226856
65.65 -0.0980709 -0.144102
65.7 -0.103627 -0.085779
65.75 -0.107716 -0.0786205
65.8 -0.111944 -0.0889744
65.85 -0.114326 -0.0159638
65.9 -0.117194 -0.0889681
65.95 -0.122587 -0.122163
66 -0.129374 -0.145936
66.05 -0.13698 -0.156666
66.1 -0.142694 -0.0817337
66.15 -0.145262 -0.0280785
66.2 -0.148332 -0.0867783
66.25 -0.151459 -0.0439329
66.3 -0.152924 -0.018068
66.35 -0.153299 0.000582376
66.4 -0.152766 0.0183533
66.45 -0.151477 0.0314397
66.5 -0.149793 0.0353429
66.55 -0.149804 -0.0274192
66.6 -0.150745 -0.0122301
66.65 -0.150814 0.00691598
66.7 -0.150977 -0.0110367
66.75 -0.150486 0.0257494
66.8 -0.147726 0.0776628
66.85 -0.145035 0.035525
66.9 -0.145223 -0.0337899
66.95 -0.14642 -0.0163789
67 -0.146242 0.0187821
67.05 -0.143902 0.0681838
67.1 -0.140158 0.0798965
67.15 -0.133689 0.167084
67.2 -0.124665 0.190479
67.25 -0.116881 0.128863
67.3 -0.110936 0.111164
67.35 -0.103822 0.165881
67.4 -0.0966224 0.127075
67.45 -0.0909477 0.102965
67.5 -0.0870844 0.0575181
67.55 -0.0840853 0.0617906
67.6 -0.0813783 0.0482215
67.65 -0.0771288 0.113004
67.7 -0.0717219 0.104278
67.75 -0.069288 0.00609805
67.8 -0.0709454 -0.0631209
67.85 -0.071202 0.0392209
67.9 -0.0674918 0.100867
67.95 -0.0639265 0.0486079
68 -0.0606465 0.0785151
68.05 -0.0566116 0.0822657
68.1 -0.053585 0.0438343
68.15 -0.0518637 0.0271868
68.2 -0.0497916 0.052292
68.25 -0.0517467 -0.108947
68.3 -0.0563392 -0.0786598
68.35 -0.0574635 0.0205013
68.4 -0.0529519 0.143444
68.45 -0.0473843 0.0866733
68.5 -0.0441389 0.0481792
68.55 -0.0433149 -0.00778197
68.6 -0.0443011 -0.0288298
68.65 -0.0469569 -0.0716256
68.7 -0.0502728 -0.0621761
68.75 -0.0541847 -0.0904238
68.8 -0.0572664 -0.0395371
68.85 -0.0605086 -0.0841171
68.9 -0.0649805 -0.0933973
68.95 -0.0674025 -0.0139982
69 -0.0693272 -0.0571782
69.05 -0.0692268 0.04727
69.1 -0.0664104 0.0631822
69.15 -0.0627178 0.0819189
69.2 -0.0599349 0.0355072
69.25 -0.0579213 0.043866
69.3 -0.0566852 0.0100497
69.35 -0.0564845 -0.000608057
69.4 -0.0575745 -0.037979
69.45 -0.0581708 0.00801536
69.5 -0.0553336 0.0939386
69.55 -0.0535041 -0.00731589
69.6 -0.0535456 0.00413092
69.65 -0.0544145 -0.0338034
69.7 -0.0573752 -0.0785724
69.75 -0.0612739 -0.0774194
69.8 -0.0664007 -0.121616
69.85 -0.0712606 -0.0784034
69.9 -0.0738611 -0.0317615
69.95 -0.0756842 -0.0400118
70 -0.077466 -0.032243
70.05 -0.0791447 -0.0345506
70.1 -0.0819923 -0.0740106
70.15 -0.0847897 -0.0420657
70.2 -0.0883741 -0.0942518
70.25 -0.0924482 -0.0716141
70.3 -0.0971714 -0.111822
70.35 -0.101255 -0.0585104
70.4 -0.103346 -0.0290061
70.45 -0.103057 0.0323896
70.5 -0.101455 0.0317192
70.55 -0.100754 0.000453558
70.6 -0.0985129 0.0787121
70.65 -0.093164 0.12846
70.7 -0.0853124 0.178686
70.75 -0.0778196 0.127618
70.8 -0.0727094 0.0826402
70.85 -0.0679787 0.103654
70.9 -0.0631239 0.0919575
70.95 -0.0591633 0.0693662
71 -0.0555135 0.0756823
71.05 -0.0515932 0.0803909
71.1 -0.0481397 0.0603266
71.15 -0.0446676 0.0763258
71.2 -0.0402563 0.0972162
71.25 -0.036936 0.0427603
71.3 -0.0339158 0.0738213
71.35 -0.0292973 0.106439
71.4 -0.0231791 0.134392
71.45 -0.0164443 0.134759
71.5 -0.0118741 0.0581329
71.55 -0.00792745 0.0947416
71.6 -0.00406748 0.0636876
71.65 0.000896649 0.12638
71.7 0.00713168 0.123261
71.75 0.01379 0.140576
71.8 0.0203447 0.123677
71.85 0.0256456 0.0923819
71.9 0.0291381 0.0525307
71.95 0.0309573 0.0239906
72 0.0320598 0.0205366
72.05 0.0330672 0.0198265
72.1 0.0344566 0.0338425
72.15 0.0348002 -0.0137635
72.2 0.0342306 -0.00956338
72.25 0.0329344 -0.0384027
72.3 0.0302423 -0.0655815
72.35 0.0289624 0.00501155
72.4 0.0277997 -0.0448399
72.45 0.0260737 -0.0265847
72.5 0.025784 0.0101114
72.55 0.0278488 0.0650917
72.6 0.0294346 0.00615429
72.65 0.0275425 -0.071442
72.7 0.0248693 -0.0396495
72.75 0.0203586 -0.12877
72.8 0.016107 -0.0514757
72.85 0.0132576 -0.0611323
72.9 0.0106095 -0.0466467
72.95 0.0104505 0.0300643
73 0.0107573 -0.0121696
73.05 0.00821377 -0.0804048
73.1 0.00650488 0.00121679
73.15 0.00588756 -0.0227032
73.2 0.00389607 -0.0528776
73.25 0.00194248 -0.0284651
73.3 0.000884277 -0.0155541
73.35 0.000172265 -0.0132177
73.4 0.000483444 0.0210835
73.45 0.00139623 0.0160704
73.5 0.00307062 0.0467657
73.55 0.00423916 0.00545023
73.6 0.0040503 -0.0108291
73.65 0.00313464 -0.0240139
73.7 0.00447684 0.0657041
73.75 0.00725945 0.0478955
73.8 0.00919503 0.0316398
73.85 0.0108527 0.0342706
73.9 0.00997909 -0.0570217
73.95 0.00661147 -0.0751686
74 0.00350107 -0.0522187
74.05 0.00103516 -0.0470383
74.1 -0.000667283 -0.0240727
74.15 -0.000993713 0.0068964
74.2 -0.00156403 -0.0253891
74.25 -0.00302584 -0.0321417
74.3 -0.0032358 0.0171749
74.35 -0.00275078 0.00397229
74.4 -0.00198498 0.0239719
74.45 -0.00210805 -0.0226731
74.5 -0.00105465 0.0544927
74.55 0.00035599 0.00807993
74.6 0.0019462 0.0499077
74.65 0.00318603 0.00556176
74.7 0.00143839 -0.0658927
74.75 -0.000919513 -0.0327718
74.8 -0.00294057 -0.0462204
74.85 -0.0067918 -0.100486
74.9 -0.0132265 -0.150104
74.95 -0.0183854 -0.0671632
75 -0.0209204 -0.0380466
75.05 -0.0215652 0.00635184
75.1 -0.0228932 -0.0516937
75.15 -0.0249379 -0.0325843
75.2 -0.0268722 -0.0433025
75.25 -0.0301412 -0.0821843
75.3 -0.0357225 -0.134002
75.35 -0.0435871 -0.174905
75.4 -0.0515736 -0.147925
75.45 -0.0572959 -0.0886995
75.5 -0.0607975 -0.0556694
75.55 -0.0629493 -0.0333184
75.6 -0.0668451 -0.111927
75.65 -0.0719913 -0.0959099
75.7 -0.0747316 -0.0233043
75.75 -0.0759894 -0.0265386
75.8 -0.0767288 -0.00578285
75.85 -0.0798396 -0.105297
75.9 -0.0848295 -0.0954695
75.95 -0.0883997 -0.0529103
76 -0.0914854 -0.0683688
76.05 -0.0968165 -0.135744
76.1 -0.103871 -0.144985
76.15 -0.109698 -0.0946711
76.2 -0.112974 -0.0431241
76.25 -0.11282 0.0384019
76.3 -0.109425 0.0903678
76.35 -0.104811 0.0936272
76.4 -0.10041 0.0836414
76.45 -0.0986941 -0.00345466
76.5 -0.0964714 0.0810343
76.55 -0.0938042 0.0321011
76.6 -0.0925417 0.0199791
76.65 -0.091301 0.0284829
76.7 -0.0925824 -0.066978
76.75 -0.0964998 -0.0869461
76.8 -0.100254 -0.0659302
76.85 -0.103191 -0.0531731
76.9 -0.106491 -0.0757257
76.95 -0.110444 -0.0815029
77 -0.112477 -0.00936904
77.05 -0.114382 -0.0600115
77.1 -0.117684 -0.0705845
77.15 -0.120469 -0.044244
77.2 -0.121894 -0.01643
77.25 -0.122721 -0.0166045
77.3 -0.123586 -0.0177841
77.35 -0.125318 -0.047502
77.4 -0.127321 -0.0343131
77.45 -0.128622 -0.0196543
77.5 -0.125435 0.127435
77.55 -0.118832 0.135424
77.6 -0.110799 0.179783
77.65 -0.100821 0.214408
77.7 -0.0927716 0.119947
77.75 -0.0888976 0.0449059
77.8 -0.086237 0.0594972
77.85 -0.0841011 0.0298332
77.9 -0.0824035 0.0370584
77.95 -0.0816109 -0.000384554
78 -0.0809685 0.0229511
78.05 -0.0811168 -0.0227821
78.1 -0.0845151 -0.102435
78.15 -0.0876084 -0.0307641
78.2 -0.0892019 -0.0326777
78.25 -0.087333 0.0909067
78.3 -0.0845639 0.0281464
78.35 -0.08294 0.0357504
78.4 -0.0830362 -0.0307342
78.45 -0.0818738 0.0645028
78.5 -0.0795315 0.0332847
78.55 -0.0783347 0.0167552
78.6 -0.0774322 0.0190191
78.65 -0.0769789 0.00144097
78.7 -0.0781376 -0.0419692
78.75 -0.0808988 -0.0652918
78.8 -0.0812757 0.0366411
78.85 -0.0788105 0.0589253
78.9 -0.0767688 0.0269484
78.95 -0.0771584 -0.0343496
79 -0.0778257 0.0027306
79.05 -0.0771566 0.0215132
79.1 -0.0762637 0.0150398
79.15 -0.0783562 -0.085305
79.2 -0.082566 -0.0832414
79.25 -0.0868784 -0.0884391
79.3 -0.0920589 -0.115085
79.35 -0.098532 -0.140292
79.4 -0.103613 -0.0719259
79.45 -0.105399 -0.00799645
79.5 -0.106046 -0.0166821
79.55 -0.106865 -0.0161333
79.6 -0.106133 0.0381494
79.65 -0.105356 -0.00177503
79.7 -0.105757 -0.0127595
79.75 -0.107125 -0.0385113
79.8 -0.110551 -0.0913695
79.85 -0.113363 -0.0293107
79.9 -0.113962 0.00126925
79.95 -0.115517 -0.0558066
80 -0.117702 -0.0343674
80.05 -0.119043 -0.0210116
80.1 -0.118562 0.0330206
80.15 -0.116617 0.0433286
80.2 -0.113669 0.0708543
80.25 -0.110386 0.0615973
80.3 -0.10846 0.0208372
80.35 -0.106466 0.0543961
80.4 -0.103703 0.0558365
80.45 -0.101527 0.0340495
80.5 -0.098458 0.0822104
80.55 -0.0942092 0.0869837
80.6 -0.0918513 0.0166432
80.65 -0.0920382 -0.0193221
80.7 -0.091725 0.0258244
80.75 -0.0902677 0.0316483
80.8 -0.088341 0.043751
80.85 -0.0861756 0.0429178
80.9 -0.0825795 0.0940119
80.95 -0.0773559 0.112342
81 -0.0750603 -0.00495035
81.05 -0.0741969 0.0342379
81.1 -0.0705635 0.101968
81.15 -0.0665624 0.0631374
81.2 -0.0638653 0.0468454
81.25 -0.0637057 -0.0301989
81.3 -0.0647781 -0.0147286
81.35 -0.0657047 -0.0214175
81.4 -0.0640484 0.0747985
81.45 -0.0598758 0.0899661
81.5 -0.0569592 0.0340667
81.55 -0.0565339 -0.0110529
81.6 -0.0549767 0.0633756
81.65 -0.0520386 0.0551588
81.7 -0.0499285 0.0322405
81.75 -0.0476623 0.0552752
81.8 -0.0448947 0.0553407
81.85 -0.0437026 -0.000275184
81.9 -0.0437732 -0.00228174
81.95 -0.0422991 0.0537377
82 -0.0442623 -0.110338
82.05 -0.0469633 -0.0108848
82.1 -0.0444686 0.096314
82.15 -0.0393666 0.106291
82.2 -0.0352519 0.0638382
82.25 -0.0329214 0.0333774
82.3 -0.0339211 -0.0607862
82.35 -0.0377002 -0.0868024
82.4 -0.0432833 -0.130534
82.45 -0.0492512 -0.110659
82.5 -0.0554895 -0.135401
82.55 -0.0600808 -0.0583873
82.6 -0.0635772 -0.0786665
82.65 -0.0676046 -0.0818837
82.7 -0.0698427 -0.016318
82.75 -0.0710738 -0.0309427
82.8 -0.0709359 0.0285292
82.85 -0.0694827 0.0294344
82.9 -0.0667315 0.0745257
82.95 -0.0638777 0.0436604
83 -0.0612919 0.0578123
83.05 -0.059989 0.00174024
83.1 -0.0598906 0.00213991
83.15 -0.0614903 -0.0580574
83.2 -0.062445 0.0107274
83.25 -0.0608568 0.0478122
83.3 -0.0604242 -0.0213058
83.35 -0.0611869 -0.0106095
83.4 -0.0638712 -0.0865594
83.45 -0.0677733 -0.0714328
83.5 -0.0710716 -0.0617028
83.55 -0.0766354 -0.149046
83.6 -0.0821875 -0.08184
83.65 -0.0836298 0.0117158
83.7 -0.0844165 -0.0367045
83.75 -0.086101 -0.0313423
83.8 -0.0875007 -0.0254004
83.85 -0.0907318 -0.0945372
83.9 -0.0943665 -0.0558977
83.95 -0.0969306 -0.0476883
84 -0.0989198 -0.0336879
84.05 -0.101517 -0.0658537
84.1 -0.104124 -0.041563
84.15 -0.105128 -0.00363404
84.2 -0.104732 0.0167446
84.25 -0.103615 0.0266055
84.3 -0.103911 -0.0308069
84.35 -0.102818 0.0621044
84.4 -0.096191 0.186251
84.45 -0.0861013 0.213426
84.5 -0.0771925 0.150998
84.55 -0.0713247 0.0914787
84.6 -0.0662551 0.108849
84.65 -0.0606086 0.115908
84.7 -0.0555122 0.0911107
84.75 -0.0483091 0.184375
84.8 -0.0400688 0.149637
84.85 -0.0340711 0.0971021
84.9 -0.0258699 0.214997
84.95 -0.0150166 0.21838
85 -0.007285 0.105686
85.05 -0.00126495 0.131503
85.1 0.00519725 0.127355
85.15 0.0124372 0.15796
85.2 0.0203003 0.156529
85.25 0.0262005 0.0883968
85.3 0.0305187 0.0846992
85.35 0.0332069 0.0300397
85.4 0.0361499 0.0808265
85.45 0.0420663 0.14686
85.5 0.0503303 0.17916
85.55 0.060905 0.235957
85.6 0.0710178 0.176229
85.65 0.0785256 0.130029
85.7 0.0837142 0.0835617
85.75 0.0873096 0.0629069
85.8 0.0900725 0.0493409
85.85 0.0936987 0.0901627
85.9 0.096413 0.0267808
85.95 0.097584 0.0208207
86 0.0966549 -0.0486917
86.05 0.0932078 -0.084343
86.1 0.0907474 -0.0222774
86.15 0.0888258 -0.0507373
86.2 0.0883249 0.0211326
86.25 0.0906157 0.0646374
86.3 0.0951684 0.111141
86.35 0.0994876 0.0673433
86.4 0.101447 0.0175946
86.45 0.102286 0.0161317
86.5 0.102342 -0.0103526
86.55 0.102771 0.023052
86.6 0.101685 -0.0559272
86.65 0.0998578 -0.0216765
86.7 0.102133 0.0968093
86.75 0.10365 -0.0205032
86.8 0.100944 -0.0797798
86.85 0.0989993 -0.00757074
86.9 0.0975023 -0.0470098
86.95 0.0941178 -0.0834218
87 0.090693 -0.056995
87.05 0.0883054 -0.040624
87.1 0.0863158 -0.0391054
87.15 0.0857834 0.0111274
87.2 0.0861535 0.00454222
87.25 0.0874771 0.0432124
87.3 0.0885684 0.00544293
87.35 0.0883119 -0.0132117
87.4 0.087438 -0.0207156
87.45 0.0881213 0.0399411
87.5 0.0895906 0.0212758
87.55 0.0899311 -0.00425934
87.6 0.0897493 -0.00315529
87.65 0.0887393 -0.0332084
87.7 0.0865602 -0.051461
87.75 0.0842713 -0.041377
87.8 0.0821232 -0.0441211
87.85 0.0806236 -0.0191491
87.9 0.0803506 0.00501767
87.95 0.0797105 -0.026414
88 0.077636 -0.0529693
88.05 0.0770791 0.0208674
88.1 0.0778289 0.0104888
88.15 0.0793248 0.0447367
88.2 0.080714 0.0147855
88.25 0.0823499 0.0463899
88.3 0.0838939 0.0189811
88.35 0.0856257 0.0465671
88.4 0.0859951 -0.0225864
88.45 0.0837393 -0.0622882
88.5 0.0821729 -0.00761045
88.55 0.0793008 -0.0954813
88.6 0.0745468 -0.0946541
88.65 0.069242 -0.114712
88.7 0.0648181 -0.068308
88.75 0.0620308 -0.0460697
88.8 0.0608432 -0.00665294
88.85 0.0587167 -0.0699133
88.9 0.0571212 -0.0028074
88.95 0.0567858 -0.00968133
89 0.0554962 -0.038082
89.05 0.0521351 -0.0894222
89.1 0.0461178 -0.143844
89.15 0.0385007 -0.15865
89.2 0.0333049 -0.0619303
89.25 0.0315226 -0.0154979
89.3 0.0322277 0.0367197
89.35 0.033244 0.00776187
89.4 0.0335158 0.00365128
89.45 0.0345474 0.0335921
89.5 0.0357854 0.017975
89.55 0.0382854 0.0744302
89.6 0.0392134 -0.0241898
89.65 0.0373786 -0.0462153
89.7 0.0359308 -0.0157224
89.75 0.034744 -0.0298346
89.8 0.0321589 -0.0683589
89.85 0.0286432 -0.0717223
89.9 0.0267228 -0.0128806
89.95 0.0287379 0.0809205
90 0.0333828 0.101944
90.05 0.0387127 0.110023
90.1 0.0438704 0.0977722
90.15 0.0482674 0.0803094
90.2 0.049615 -0.0138843
90.25 0.0493483 0.00120997
90.3 0.0489461 -0.0151116
90.35 0.047745 -0.0308056
90.4 0.0465654 -0.0180447
90.45 0.0443435 -0.064567
90.5 0.0391274 -0.134597
90.55 0.0331175 -0.109035
90.6 0.028058 -0.0950651
90.65 0.0223319 -0.129257
90.7 0.0157727 -0.132494
90.75 0.0103653 -0.089396
90.8 0.00458374 -0.135548
90.85 -0.00319304 -0.170627
90.9 -0.0106099 -0.131106
90.95 -0.0154234 -0.0695093
91 -0.0193836 -0.0865179
91.05 -0.0233668 -0.0743236
91.1 -0.0276763 -0.0951552
91.15 -0.0318976 -0.0761184
91.2 -0.035034 -0.0524085
91.25 -0.0362817 -0.00392548
91.3 -0.0358285 0.0189861
91.35 -0.0332221 0.0774062
91.4 -0.027634 0.137899
91.45 -0.0229652 0.0592085
91.5 -0.0217801 -0.0034802
91.55 -0.0204176 0.0507153
91.6 -0.0203601 -0.0367569
91.65 -0.0218347 -0.0238975
91.7 -0.0241114 -0.0620244
91.75 -0.0245977 0.0302824
91.8 -0.0249587 -0.0358901
91.85 -0.0287055 -0.104704
91.9 -0.0327173 -0.0614245
91.95 -0.0356318 -0.0558191
92 -0.0371508 -0.0108889
92.05 -0.0377777 -0.0137824
92.1 -0.0379678 0.00383459
92.15 -0.0382942 -0.0144445
92.2 -0.0353014 0.116603
92.25 -0.0308748 0.0669532
92.3 -0.0279868 0.0506584
92.35 -0.0247973 0.073754
92.4 -0.0218924 0.0460507
92.45 -0.0209581 -0.00226404
92.5 -0.0214306 -0.0149319
92.55 -0.0196105 0.0756112
92.6 -0.0149942 0.104995
92.65 -0.0107533 0.0692791
92.7 -0.00839978 0.030029
92.75 -0.00604638 0.0600397
92.8 -0.00291415 0.0645584
92.85 -0.000432713 0.0381494
92.9 -0.000353523 -0.0263817
92.95 -0.00293636 -0.0709212
93 -0.00784506 -0.118893
93.05 -0.014226 -0.134133
93.1 -0.0207195 -0.126446
93.15 -0.0238356 -0.0132073
93.2 -0.0226098 0.0533373
93.25 -0.0205432 0.0320984
93.3 -0.0195443 0.0106816
93.35 -0.0181935 0.039477
93.4 -0.0176695 -0.0117114
93.45 -0.0193215 -0.0493075
93.5 -0.0240357 -0.128564
93.55 -0.0311492 -0.152572
93.6 -0.0369668 -0.0885063
93.65 -0.0394818 -0.0210206
93.7 -0.041031 -0.0385642
93.75 -0.0422594 -0.0138336
93.8 -0.0425609 -5.54581e-05
93.85 -0.0414556 0.0390284
93.9 -0.0392897 0.0465433
93.95 -0.0369241 0.0478394
94 -0.034178 0.060271
94.05 -0.031976 0.0315719
94.1 -0.0297828 0.0532081
94.15 -0.0270967 0.0540508
94.2 -0.025347 0.020376
94.25 -0.0231885 0.0605452
94.3 -0.019827 0.0722607
94.35 -0.0172026 0.0373013
94.4 -0.0160033 0.0137733
94.45 -0.0149218 0.0276115
94.5 -0.0132585 0.0375489
94.55 -0.0109194 0.0537828
94.6 -0.00775998 0.0703028
94.65 -0.00309746 0.110683
94.7 0.00260427 0.116455
94.75 0.00456721 -0.019826
94.8 0.00421713 0.00281448
94.85 0.00559395 0.046408
94.9 0.00704665 0.0157465
94.95 0.00749138 0.00364345
95 0.00618946 -0.048705
95.05 0.00443233 -0.0247271
95.1 0.00328473 -0.0215656
95.15 0.00286047 0.00152866
95.2 0.00382727 0.0329299
95.25 0.00323187 -0.0461828
95.3 -0.000491083 -0.0959904
95.35 -0.0037599 -0.0418824
95.4 -0.00526926 -0.0212056
95.45 -0.00713915 -0.0497339
95.5 -0.00847225 -0.00898441
95.55 -0.00812621 0.0190755
95.6 -0.00771892 -0.000223028
95.65 -0.00803201 -0.010872
95.7 -0.00766866 0.0211297
95.75 -0.0077184 -0.0179134
95.8 -0.00691414 0.0420657
95.85 -0.00323337 0.097651
95.9 0.00196193 0.10856
95.95 0.00558959 0.0449263
96 0.00704884 0.0171103
96.05 0.00718796 -0.00817802
96.1 0.00575131 -0.0444165
96.15 0.002975 -0.0639531
96.2 7.68287e-05 -0.0533104
96.25 -0.00313172 -0.0723965
96.3 -0.004493 0.00735295
96.35 -0.00521566 -0.0311114
96.4 -0.00699145 -0.0388395
96.45 -0.00757374 0.00916492
96.5 -0.00731373 0.00216161
96.55 -0.00707366 0.0068142
96.6 -0.00618122 0.0262651
96.65 -0.00354164 0.073012
96.7 -0.00190797 0.00178337
96.75 -0.00173636 0.00468904
96.8 -0.00222564 -0.0208429
96.85 -0.00376558 -0.0383741
96.9 -0.00690528 -0.0813906
96.95 -0.0095183 -0.0299177
97 -0.00893003 0.0436277
97.05 -0.00760636 0.0133215
97.1 -0.00683396 0.0170551
97.15 -0.00730044 -0.0294957
97.2 -0.0101582 -0.0782378
97.25 -0.0136614 -0.0637249
97.3 -0.0173769 -0.0823108
97.35 -0.0207752 -0.0569114
97.4 -0.0220703 -0.00215684
97.45 -0.0230596 -0.033242
97.5 -0.025111 -0.0469291
97.55 -0.028195 -0.0728853
97.6 -0.0335481 -0.133063
97.65 -0.0383675 -0.0682217
97.7 -0.0420878 -0.0790431
97.75 -0.0455398 -0.0613025
97.8 -0.0488111 -0.0684989
97.85 -0.0512718 -0.0344024
97.9 -0.0518549 0.00574112
97.95 -0.0505087 0.0430923
98 -0.0484218 0.0406498
98.05 -0.047481 0.00209563
98.1 -0.0454496 0.0700427
98.15 -0.0421552 0.0626288
98.2 -0.0386376 0.076172
98.25 -0.0356812 0.046019
98.3 -0.0340903 0.0209158
98.35 -0.0312849 0.0829533
98.4 -0.0272776 0.0778992
98.45 -0.0239772 0.0568314
98.5 -0.0182798 0.157485
98.55 -0.0105723 0.151407
98.6 -0.00471719 0.0907222
98.65 0.000165906 0.102847
98.7 0.00571276 0.116985
98.75 0.00927114 0.0360398
98.8 0.0133539 0.116437
98.85 0.0195562 0.129709
98.9 0.0272934 0.173697
98.95 0.0360434 0.175778
99 0.0426242 0.0976793
99.05 0.0475866 0.100324
99.1 0.0513103 0.0546096
99.15 0.0549172 0.0854533
99.2 0.0605284 0.132556
99.25 0.0670895 0.130039
99.3 0.0742659 0.153665
99.35 0.0809125 0.116909
99.4 0.0856787 0.0786999
99.45 0.088788 0.0494785
99.5 0.0908834 0.0360653
99.55 0.0925292 0.0304679
99.6 0.0940228 0.02938
99.65 0.0934163 -0.0438596
99.7 0.0915342 -0.0328412
99.75 0.0892298 -0.05616
99.8 0.0857748 -0.0789119
99.85 0.0828369 -0.043271
99.9 0.0791314 -0.0976003
