0 0.45 -1.35
0 0.380953 -1.40978
0.05 0.311753 -1.35679
0.1 0.242966 -1.39276
0.15 0.172837 -1.41055
0.2 0.103837 -1.34806
0.25 0.0361422 -1.35799
0.3 -0.0299496 -1.28445
0.35 -0.0936122 -1.26059
0.4 -0.15475 -1.18383
0.45 -0.21388 -1.17991
0.5 -0.271645 -1.12954
0.55 -0.32874 -1.15266
0.6 -0.385642 -1.12218
0.65 -0.442674 -1.15748
0.7 -0.498092 -1.05842
0.75 -0.54901 -0.977516
0.8 -0.598635 -1.00605
0.85 -0.647762 -0.958092
0.9 -0.69684 -1.00351
0.95 -0.745985 -0.961321
1 -0.793041 -0.919982
1.05 -0.840684 -0.984131
1.1 -0.887597 -0.891789
1.15 -0.928726 -0.75312
1.2 -0.966385 -0.752297
1.25 -1.00272 -0.700499
1.3 -1.03639 -0.64579
1.35 -1.0694 -0.673441
1.4 -1.10109 -0.594127
1.45 -1.12945 -0.539693
1.5 -1.15485 -0.47628
1.55 -1.17831 -0.461309
1.6 -1.19958 -0.389502
1.65 -1.21673 -0.296673
1.7 -1.22952 -0.215162
1.75 -1.23843 -0.141181
1.8 -1.24549 -0.141216
1.85 -1.24863 0.0148942
1.9 -1.24257 0.226168
1.95 -1.22802 0.354568
2 -1.20948 0.386396
2.05 -1.18966 0.405818
2.1 -1.16706 0.496839
2.15 -1.14016 0.578194
2.2 -1.1101 0.623117
2.25 -1.07464 0.793332
2.3 -1.03384 0.837559
2.35 -0.99159 0.851279
2.4 -0.944184 1.04262
2.45 -0.889868 1.12815
2.5 -0.834628 1.08033
2.55 -0.778567 1.16025
2.6 -0.719294 1.20889
2.65 -0.65671 1.29241
2.7 -0.590772 1.34313
2.75 -0.524288 1.31476
2.8 -0.457866 1.34027
2.85 -0.391722 1.30405
2.9 -0.324792 1.37107
2.95 -0.253878 1.46316
3 -0.179035 1.52831
3.05 -0.100151 1.62448
3.1 -0.0195417 1.59803
3.15 0.0596938 1.56957
3.2 0.137143 1.52672
3.25 0.21283 1.499
3.3 0.287127 1.47119
3.35 0.361415 1.49829
3.4 0.434249 1.41374
3.45 0.504046 1.37661
3.5 0.570076 1.26359
3.55 0.630954 1.17055
3.6 0.689688 1.17731
3.65 0.746484 1.0936
3.7 0.801724 1.11448
3.75 0.857555 1.11733
3.8 0.913804 1.13113
3.85 0.968391 1.05142
3.9 1.01853 0.953279
3.95 1.0648 0.896776
4 1.10749 0.810275
4.05 1.14737 0.784097
4.1 1.18291 0.637595
4.15 1.21387 0.600256
4.2 1.24553 0.664824
4.25 1.27437 0.48934
4.3 1.29542 0.352638
4.35 1.31301 0.350827
4.4 1.32776 0.239339
4.45 1.3368 0.122706
4.5 1.3416 0.0693001
4.55 1.3436 0.0111556
4.6 1.34239 -0.0592518
4.65 1.33907 -0.0734553
4.7 1.33373 -0.139466
4.75 1.32636 -0.154827
4.8 1.31631 -0.246527
4.85 1.30203 -0.32377
4.9 1.28414 -0.391071
4.95 1.26481 -0.381549
5 1.2441 -0.446207
5.05 1.21989 -0.521003
5.1 1.1926 -0.569543
5.15 1.16206 -0.650898
5.2 1.12767 -0.723444
5.25 1.09041 -0.765752
5.3 1.05079 -0.817797
5.35 1.0094 -0.836664
5.4 0.967248 -0.848288
5.45 0.923138 -0.914601
5.5 0.87574 -0.979754
5.55 0.82785 -0.934894
5.6 0.7803 -0.965754
5.65 0.73248 -0.945949
5.7 0.684089 -0.988216
5.75 0.635228 -0.965133
5.8 0.586092 -0.998892
5.85 0.536738 -0.974169
5.9 0.486097 -1.04974
5.95 0.43219 -1.10487
6 0.378048 -1.0597
6.05 0.3225 -1.16025
6.1 0.264015 -1.17759
6.15 0.204148 -1.21535
6.2 0.144239 -1.17972
6.25 0.0857594 -1.15811
6.3 0.0290429 -1.10941
6.35 -0.027862 -1.16502
6.4 -0.0841411 -1.08519
6.45 -0.138084 -1.07126
6.5 -0.19192 -1.08075
6.55 -0.24698 -1.12005
6.6 -0.304322 -1.17184
6.65 -0.363372 -1.18858
6.7 -0.420115 -1.08036
6.75 -0.472268 -1.0049
6.8 -0.52017 -0.910516
6.85 -0.565313 -0.894171
6.9 -0.609054 -0.854612
6.95 -0.649834 -0.776028
7 -0.687772 -0.740733
7.05 -0.721957 -0.626472
7.1 -0.75448 -0.673391
7.15 -0.787708 -0.654993
7.2 -0.818625 -0.581325
7.25 -0.846928 -0.550286
7.3 -0.874432 -0.54918
7.35 -0.901082 -0.51634
7.4 -0.924328 -0.413519
7.45 -0.941098 -0.257789
7.5 -0.951615 -0.163156
7.55 -0.957653 -0.078722
7.6 -0.960011 -0.0159118
7.65 -0.95946 0.0376166
7.7 -0.958525 -5.16424e-06
7.75 -0.95692 0.0638013
7.8 -0.952948 0.0947837
7.85 -0.947522 0.121961
7.9 -0.940041 0.176777
7.95 -0.931452 0.166607
8 -0.924326 0.11856
8.05 -0.917307 0.161734
8.1 -0.908338 0.196632
8.15 -0.898934 0.179375
8.2 -0.889732 0.188408
8.25 -0.878807 0.247973
8.3 -0.867218 0.215509
8.35 -0.857223 0.184209
8.4 -0.846899 0.228232
8.45 -0.833549 0.304969
8.5 -0.818273 0.30571
8.55 -0.802256 0.334369
8.6 -0.785705 0.327301
8.65 -0.768525 0.359294
8.7 -0.749536 0.399538
8.75 -0.727733 0.471633
8.8 -0.702813 0.524212
8.85 -0.674169 0.620259
8.9 -0.64038 0.729801
8.95 -0.604771 0.693869
9 -0.571001 0.656336
9.05 -0.536194 0.734597
9.1 -0.501236 0.663277
9.15 -0.467539 0.683603
9.2 -0.434247 0.647485
9.25 -0.399321 0.748066
9.3 -0.363388 0.688718
9.35 -0.330916 0.609788
9.4 -0.299642 0.640209
9.45 -0.267712 0.636228
9.5 -0.234874 0.676207
9.55 -0.201182 0.67065
9.6 -0.167245 0.685892
9.65 -0.133507 0.662942
9.7 -0.0968255 0.802559
9.75 -0.0575947 0.765905
9.8 -0.0195777 0.753887
9.85 0.0188181 0.780825
9.9 0.0572053 0.753854
9.95 0.0934591 0.69573
10 0.127505 0.665416
10.05 0.162852 0.747115
10.1 0.201021 0.778487
10.15 0.239035 0.741341
10.2 0.274849 0.690618
10.25 0.309832 0.707712
10.3 0.345079 0.701314
10.35 0.379118 0.65963
10.4 0.409808 0.56777
10.45 0.436081 0.482959
10.5 0.457741 0.383516
10.55 0.475072 0.309697
10.6 0.489265 0.257974
10.65 0.503901 0.326704
10.7 0.521279 0.367734
10.75 0.538582 0.324201
10.8 0.553572 0.275305
10.85 0.567411 0.277919
10.9 0.579269 0.196559
10.95 0.587151 0.119001
11 0.589764 -0.0137653
11.05 0.586868 -0.101503
11.1 0.581962 -0.0946484
11.15 0.577874 -0.0689388
11.2 0.573055 -0.12337
11.25 0.566631 -0.133384
11.3 0.559552 -0.149494
11.35 0.552481 -0.133269
11.4 0.545563 -0.143199
11.45 0.538032 -0.157769
11.5 0.530113 -0.158788
11.55 0.521064 -0.202669
11.6 0.511107 -0.195439
11.65 0.501062 -0.206023
11.7 0.489534 -0.254519
11.75 0.477507 -0.226426
11.8 0.466326 -0.22059
11.85 0.454198 -0.263937
11.9 0.440053 -0.301322
11.95 0.424988 -0.300875
12 0.409938 -0.300757
12.05 0.395152 -0.290367
12.1 0.381009 -0.275113
12.15 0.368419 -0.228425
12.2 0.357429 -0.210989
12.25 0.343333 -0.351667
12.3 0.325964 -0.342707
12.35 0.309791 -0.304068
12.4 0.293712 -0.338465
12.45 0.276291 -0.357843
12.5 0.256716 -0.424268
12.55 0.235717 -0.415219
12.6 0.214744 -0.42313
12.65 0.193986 -0.406737
12.7 0.174442 -0.374747
12.75 0.153565 -0.45929
12.8 0.128874 -0.527313
12.85 0.103481 -0.488018
12.9 0.0794411 -0.473059
12.95 0.0549004 -0.507747
13 0.0304595 -0.469502
13.05 0.00782986 -0.435315
13.1 -0.0142486 -0.447199
13.15 -0.0367589 -0.452613
13.2 -0.0583644 -0.411308
13.25 -0.0797146 -0.441982
13.3 -0.0999866 -0.368818
13.35 -0.116366 -0.286414
13.4 -0.129562 -0.241376
13.45 -0.142547 -0.277474
13.5 -0.156667 -0.286921
13.55 -0.171331 -0.299188
13.6 -0.187046 -0.328862
13.65 -0.20396 -0.347154
13.7 -0.221025 -0.335099
13.75 -0.238253 -0.353492
13.8 -0.253689 -0.264076
13.85 -0.267543 -0.289572
13.9 -0.282004 -0.288514
13.95 -0.294862 -0.225871
14 -0.305868 -0.214136
14.05 -0.315987 -0.190529
14.1 -0.324474 -0.148966
14.15 -0.329994 -0.0721705
14.2 -0.334757 -0.117934
14.25 -0.340106 -0.0960394
14.3 -0.34515 -0.105535
14.35 -0.350585 -0.11169
14.4 -0.357148 -0.150425
14.45 -0.363207 -0.092144
14.5 -0.365435 0.00252321
14.55 -0.365464 -0.00363792
14.6 -0.365012 0.0215463
14.65 -0.364713 -0.00938536
14.7 -0.36629 -0.053391
14.75 -0.368551 -0.037087
14.8 -0.370855 -0.0549389
14.85 -0.372912 -0.0274412
14.9 -0.372621 0.038682
14.95 -0.371156 0.0200145
15 -0.370312 0.0137443
15.05 -0.370213 -0.00964098
15.1 -0.372404 -0.0775498
15.15 -0.374786 -0.0180138
15.2 -0.375973 -0.0293666
15.25 -0.376981 -0.0110604
15.3 -0.377685 -0.0170387
15.35 -0.377561 0.0217662
15.4 -0.375138 0.0747681
15.45 -0.369927 0.133215
15.5 -0.362723 0.154636
15.55 -0.3555 0.134234
15.6 -0.346507 0.224696
15.65 -0.334763 0.244682
15.7 -0.321486 0.285828
15.75 -0.307335 0.279874
15.8 -0.29353 0.27201
15.85 -0.27781 0.355904
15.9 -0.259472 0.37704
15.95 -0.240586 0.377928
16 -0.218349 0.5102
16.05 -0.19199 0.543313
16.1 -0.165593 0.512068
16.15 -0.139071 0.547937
16.2 -0.110665 0.587361
16.25 -0.082941 0.521297
16.3 -0.0544358 0.617627
16.35 -0.0226009 0.654753
16.4 0.0119962 0.727829
16.45 0.0492633 0.761717
16.5 0.0859172 0.703859
16.55 0.121484 0.717843
16.6 0.156352 0.676243
16.65 0.191013 0.709141
16.7 0.227914 0.765642
16.75 0.266457 0.775017
16.8 0.306151 0.811532
16.85 0.346046 0.783464
16.9 0.384247 0.743816
16.95 0.420463 0.704162
17 0.454943 0.674327
17.05 0.488041 0.648941
17.1 0.519934 0.626109
17.15 0.548603 0.520534
17.2 0.573944 0.492622
17.25 0.596956 0.427666
17.3 0.616587 0.357496
17.35 0.634224 0.347587
17.4 0.649003 0.243845
17.45 0.660505 0.216074
17.5 0.671091 0.207169
17.55 0.683518 0.289136
17.6 0.696009 0.21065
17.65 0.703222 0.0784379
17.7 0.706758 0.0630281
17.75 0.7082 -0.00500912
17.8 0.707425 -0.025833
17.85 0.702178 -0.182995
17.9 0.693095 -0.18011
17.95 0.683679 -0.196187
18 0.672374 -0.255402
18.05 0.657616 -0.33407
18.1 0.640597 -0.346179
18.15 0.620595 -0.452783
18.2 0.596975 -0.491181
18.25 0.573883 -0.432297
18.3 0.552153 -0.436322
18.35 0.52969 -0.461473
18.4 0.508888 -0.370636
18.45 0.489829 -0.391132
18.5 0.471309 -0.349432
18.55 0.452344 -0.408343
18.6 0.431127 -0.439628
18.65 0.408057 -0.482347
18.7 0.38447 -0.460659
18.75 0.360013 -0.516679
18.8 0.333848 -0.529196
18.85 0.307637 -0.518621
18.9 0.277579 -0.681993
18.95 0.242534 -0.718694
19 0.206695 -0.714004
19.05 0.170696 -0.724974
19.1 0.134744 -0.71229
19.15 0.0999812 -0.677552
19.2 0.0653068 -0.708371
19.25 0.0294679 -0.724188
19.3 -0.00592226 -0.690727
19.35 -0.0404551 -0.689725
19.4 -0.0737949 -0.643302
19.45 -0.107406 -0.699977
19.5 -0.140424 -0.620354
19.55 -0.173979 -0.720447
19.6 -0.207857 -0.634325
19.65 -0.239606 -0.634806
19.7 -0.271957 -0.658311
19.75 -0.304073 -0.625695
19.8 -0.336465 -0.668926
19.85 -0.370525 -0.692478
19.9 -0.405536 -0.706996
19.95 -0.439162 -0.63759
20 -0.469653 -0.581616
20.05 -0.496824 -0.504995
20.1 -0.522754 -0.531386
20.15 -0.547541 -0.459907
20.2 -0.57061 -0.462241
20.25 -0.594131 -0.477917
20.3 -0.618903 -0.512156
20.35 -0.644314 -0.503708
20.4 -0.669039 -0.484743
20.45 -0.691596 -0.417374
20.5 -0.711274 -0.369536
20.55 -0.727745 -0.289357
20.6 -0.743192 -0.32791
20.65 -0.758899 -0.300136
20.7 -0.771257 -0.194521
20.75 -0.780477 -0.174171
20.8 -0.786683 -0.0744999
20.85 -0.791523 -0.118687
20.9 -0.797557 -0.122525
20.95 -0.801877 -0.0505624
21 -0.803821 -0.0272977
21.05 -0.805641 -0.0453418
21.1 -0.808504 -0.0689909
21.15 -0.809064 0.0459364
21.2 -0.803614 0.171197
21.25 -0.792689 0.264992
21.3 -0.777839 0.32824
21.35 -0.760237 0.375106
21.4 -0.740594 0.409922
21.45 -0.720818 0.380806
21.5 -0.700319 0.438315
21.55 -0.678815 0.421398
21.6 -0.657237 0.441046
21.65 -0.63443 0.470499
21.7 -0.611247 0.456326
21.75 -0.588776 0.44204
21.8 -0.566118 0.463581
21.85 -0.542691 0.472819
21.9 -0.519898 0.438531
21.95 -0.498188 0.429412
22 -0.475166 0.490512
22.05 -0.453053 0.394008
22.1 -0.433394 0.391894
22.15 -0.413188 0.415669
22.2 -0.391633 0.445834
22.25 -0.36948 0.439756
22.3 -0.34725 0.448825
22.35 -0.32538 0.425556
22.4 -0.303934 0.431735
22.45 -0.282003 0.444875
22.5 -0.257166 0.54737
22.55 -0.227204 0.649736
22.6 -0.194221 0.668646
22.65 -0.159662 0.712608
22.7 -0.124784 0.681807
22.75 -0.0918594 0.634624
22.8 -0.0588563 0.684377
22.85 -0.0271541 0.583507
22.9 0.00278034 0.612944
22.95 0.0328942 0.590981
23 0.0634711 0.631092
23.05 0.0933466 0.563573
23.1 0.119021 0.463357
23.15 0.143989 0.534302
23.2 0.16973 0.494908
23.25 0.196736 0.584135
23.3 0.22429 0.517728
23.35 0.249811 0.502581
23.4 0.274412 0.48097
23.45 0.3003 0.553452
23.5 0.32695 0.512123
23.55 0.351447 0.467415
23.6 0.374947 0.471952
23.65 0.397316 0.422528
23.7 0.416467 0.343504
23.75 0.432803 0.309729
23.8 0.448885 0.332998
23.85 0.465354 0.325395
23.9 0.47974 0.250124
23.95 0.489111 0.125214
24 0.495312 0.122708
24.05 0.501057 0.107039
24.1 0.505483 0.0700833
24.15 0.506746 -0.019068
24.2 0.503721 -0.101359
24.25 0.497733 -0.137791
24.3 0.489825 -0.178102
24.35 0.479317 -0.241587
24.4 0.469089 -0.167688
24.45 0.461091 -0.152153
24.5 0.452285 -0.199574
24.55 0.441522 -0.230504
24.6 0.430678 -0.203115
24.65 0.418336 -0.289741
24.7 0.40213 -0.357694
24.75 0.383041 -0.405122
24.8 0.360785 -0.484076
24.85 0.33824 -0.417555
24.9 0.317833 -0.398355
24.95 0.295938 -0.47642
25 0.27341 -0.424443
25.05 0.252156 -0.425167
25.1 0.231736 -0.391336
25.15 0.212373 -0.382749
25.2 0.194001 -0.351848
25.25 0.176434 -0.350372
25.3 0.158459 -0.368079
25.35 0.140662 -0.343506
25.4 0.12376 -0.332202
25.45 0.106472 -0.358725
25.5 0.0896864 -0.312564
25.55 0.0757806 -0.243723
25.6 0.0614072 -0.33034
25.65 0.0447175 -0.336792
25.7 0.0285326 -0.310351
25.75 0.0147806 -0.239799
25.8 0.00376299 -0.200858
25.85 -0.00553793 -0.17112
25.9 -0.0133612 -0.141788
25.95 -0.0198045 -0.115933
26 -0.0264278 -0.148639
26.05 -0.0337026 -0.14221
26.1 -0.0390451 -0.0717693
26.15 -0.0427408 -0.0759393
26.2 -0.0468169 -0.0869384
26.25 -0.0529021 -0.155911
26.3 -0.060471 -0.146709
26.35 -0.0684085 -0.17045
26.4 -0.0763745 -0.14812
26.45 -0.0828677 -0.111661
26.5 -0.0891187 -0.138066
26.55 -0.0975845 -0.199987
26.6 -0.105778 -0.127979
26.65 -0.111797 -0.112707
26.7 -0.117658 -0.12153
26.75 -0.122393 -0.0680759
26.8 -0.124848 -0.030277
26.85 -0.127271 -0.0663959
26.9 -0.130587 -0.0661293
26.95 -0.131546 0.0272286
27 -0.132402 -0.0609175
27.05 -0.133953 -0.00143361
27.1 -0.133139 0.0337494
27.15 -0.129098 0.12723
27.2 -0.124255 0.0667592
27.25 -0.121161 0.056943
27.3 -0.119421 0.0128965
27.35 -0.119328 -0.00905908
27.4 -0.120597 -0.0414888
27.45 -0.122699 -0.0425099
27.5 -0.127003 -0.129033
27.55 -0.131806 -0.0633724
27.6 -0.135639 -0.0896893
27.65 -0.140924 -0.1214
27.7 -0.146349 -0.0956105
27.75 -0.151407 -0.106496
27.8 -0.15523 -0.0467027
27.85 -0.156867 -0.0189061
27.9 -0.155908 0.0568327
27.95 -0.153361 0.0450518
28 -0.147761 0.177997
28.05 -0.139109 0.167925
28.1 -0.131099 0.152385
28.15 -0.125269 0.0810891
28.2 -0.119531 0.147889
28.25 -0.110419 0.215946
28.3 -0.100362 0.186255
28.35 -0.0909198 0.191176
28.4 -0.0818622 0.171018
28.45 -0.0739421 0.145737
28.5 -0.0667494 0.141813
28.55 -0.0610923 0.0846649
28.6 -0.055528 0.137457
28.65 -0.0474742 0.184218
28.7 -0.0390365 0.153259
28.75 -0.0320813 0.124938
28.8 -0.0263959 0.102468
28.85 -0.0226198 0.0488
28.9 -0.0191559 0.0894272
28.95 -0.015769 0.0462198
29 -0.0134677 0.045776
29.05 -0.0125646 -0.00934851
29.1 -0.0129411 -0.00572358
29.15 -0.013026 0.00228019
29.2 -0.0117283 0.04932
29.25 -0.00903855 0.0581501
29.3 -0.00747544 0.00464967
29.35 -0.00631853 0.0413816
29.4 -0.00359421 0.0673697
29.45 0.00147036 0.13469
29.5 0.00767004 0.113267
29.55 0.0119846 0.0595224
29.6 0.0155531 0.0829903
29.65 0.0205163 0.115223
29.7 0.0261224 0.108918
29.75 0.0322148 0.134476
29.8 0.0394121 0.153124
29.85 0.0464501 0.128365
29.9 0.0537405 0.162862
29.95 0.0636501 0.232863
30 0.0735871 0.164768
30.05 0.0822849 0.182819
30.1 0.0922785 0.216476
30.15 0.103836 0.245348
30.2 0.11621 0.249286
30.25 0.12777 0.21303
30.3 0.139182 0.243013
30.35 0.150405 0.205832
30.4 0.161255 0.227746
30.45 0.174032 0.282715
30.5 0.188062 0.278153
30.55 0.201791 0.270708
30.6 0.214793 0.249188
30.65 0.226594 0.222708
30.7 0.236593 0.17725
30.75 0.245106 0.163149
30.8 0.252994 0.152225
30.85 0.263353 0.261239
30.9 0.274536 0.18624
30.95 0.283551 0.174204
31 0.290494 0.103769
31.05 0.294983 0.0758462
31.1 0.299509 0.104911
31.15 0.30344 0.052524
31.2 0.307551 0.111451
31.25 0.312896 0.102278
31.3 0.318522 0.122509
31.35 0.323979 0.0958056
31.4 0.326962 0.0238489
31.45 0.328078 0.0207792
31.5 0.325816 -0.110427
31.55 0.322919 -0.00600761
31.6 0.319201 -0.141831
31.65 0.313875 -0.0714551
31.7 0.311324 -0.0307966
31.75 0.307632 -0.116277
31.8 0.300849 -0.154653
31.85 0.293958 -0.121008
31.9 0.285082 -0.233139
31.95 0.272294 -0.277808
32 0.259178 -0.246679
32.05 0.246864 -0.24559
32.1 0.234276 -0.25753
32.15 0.221301 -0.261132
32.2 0.208047 -0.268619
32.25 0.19557 -0.230374
32.3 0.183328 -0.258863
32.35 0.169526 -0.292641
32.4 0.154496 -0.308118
32.45 0.140659 -0.245374
32.5 0.127185 -0.292948
32.55 0.111774 -0.322949
32.6 0.0962267 -0.298686
32.65 0.0803839 -0.334419
32.7 0.0630529 -0.358241
32.75 0.045316 -0.350835
32.8 0.0273282 -0.368121
32.85 0.00945751 -0.346385
32.9 -0.00677285 -0.302678
32.95 -0.0228978 -0.341686
33 -0.0404973 -0.361732
33.05 -0.0574445 -0.315996
33.1 -0.0732147 -0.314424
33.15 -0.0880784 -0.279957
33.2 -0.103269 -0.32699
33.25 -0.118686 -0.289524
33.3 -0.134545 -0.344125
33.35 -0.151192 -0.321464
33.4 -0.167797 -0.342189
33.45 -0.18522 -0.354227
33.5 -0.2022 -0.324749
33.55 -0.220982 -0.425449
33.6 -0.242053 -0.416924
33.65 -0.264138 -0.465631
33.7 -0.285438 -0.386285
33.75 -0.303998 -0.35583
33.8 -0.32046 -0.302551
33.85 -0.33578 -0.309813
33.9 -0.348789 -0.210797
33.95 -0.358922 -0.194378
34 -0.368716 -0.197135
34.05 -0.380954 -0.291512
34.1 -0.396597 -0.333555
34.15 -0.414035 -0.363349
34.2 -0.42969 -0.263077
34.25 -0.44193 -0.226409
34.3 -0.452271 -0.187203
34.35 -0.464099 -0.285028
34.4 -0.478078 -0.273879
34.45 -0.490896 -0.238713
34.5 -0.502281 -0.216525
34.55 -0.511328 -0.14556
34.6 -0.518418 -0.13789
34.65 -0.526795 -0.196652
34.7 -0.535678 -0.158671
34.75 -0.5453 -0.22555
34.8 -0.55867 -0.308448
34.85 -0.575087 -0.347573
34.9 -0.587657 -0.156023
34.95 -0.592842 -0.0518865
35 -0.592927 0.0479187
35.05 -0.588802 0.11657
35.1 -0.581968 0.1564
35.15 -0.573245 0.192074
35.2 -0.563771 0.186667
35.25 -0.549692 0.375054
35.3 -0.530488 0.39252
35.35 -0.511181 0.379329
35.4 -0.491306 0.414985
35.45 -0.471408 0.380612
35.5 -0.453724 0.326641
35.55 -0.436976 0.342748
35.6 -0.419559 0.353427
35.65 -0.403091 0.305171
35.7 -0.388275 0.287207
35.75 -0.372774 0.332167
35.8 -0.356751 0.308484
35.85 -0.34246 0.263088
35.9 -0.328811 0.282388
35.95 -0.312964 0.350711
36 -0.295874 0.332566
36.05 -0.27955 0.320049
36.1 -0.264759 0.271516
36.15 -0.250972 0.279581
36.2 -0.236668 0.292109
36.25 -0.221403 0.317961
36.3 -0.203631 0.39205
36.35 -0.182714 0.443806
36.4 -0.1593 0.491884
36.45 -0.135656 0.453488
36.5 -0.115243 0.363075
36.55 -0.0953844 0.430359
36.6 -0.0758607 0.350566
36.65 -0.0577908 0.371654
36.7 -0.0413995 0.284101
36.75 -0.0252102 0.362601
36.8 -0.00870098 0.297734
36.85 0.0052851 0.26157
36.9 0.0191462 0.292344
36.95 0.0334137 0.278082
37 0.0476941 0.292689
37.05 0.0613238 0.252392
37.1 0.074078 0.257427
37.15 0.0861359 0.224778
37.2 0.101299 0.380463
37.25 0.118852 0.321553
37.3 0.134229 0.293287
37.35 0.149292 0.308792
37.4 0.163493 0.259166
37.45 0.174539 0.182841
37.5 0.183203 0.163607
37.55 0.192582 0.211044
37.6 0.204535 0.266476
37.65 0.215778 0.183428
37.7 0.222597 0.0897011
37.75 0.227529 0.10735
37.8 0.23279 0.102982
37.85 0.237373 0.0803572
37.9 0.240405 0.041093
37.95 0.241122 -0.0121365
38 0.239677 -0.045417
38.05 0.235838 -0.107662
38.1 0.229743 -0.135842
38.15 0.223467 -0.115163
38.2 0.218126 -0.0984471
38.25 0.212684 -0.118971
38.3 0.206119 -0.143329
38.35 0.200446 -0.0837698
38.4 0.194465 -0.154894
38.45 0.185407 -0.206914
38.5 0.172972 -0.289676
38.55 0.155791 -0.396493
38.6 0.136422 -0.377901
38.65 0.118938 -0.321371
38.7 0.102125 -0.350534
38.75 0.0853826 -0.318936
38.8 0.0695016 -0.315922
38.85 0.0545434 -0.282227
38.9 0.0410589 -0.256966
38.95 0.0287681 -0.234489
39 0.0174455 -0.218224
39.05 0.00510996 -0.274556
39.1 -0.00836732 -0.264257
39.15 -0.0213096 -0.253176
39.2 -0.0341746 -0.261055
39.25 -0.0462162 -0.220543
39.3 -0.0555278 -0.152088
39.35 -0.0653471 -0.239924
39.4 -0.0787231 -0.294458
39.45 -0.0930928 -0.280053
39.5 -0.105922 -0.23307
39.55 -0.11663 -0.195191
39.6 -0.125496 -0.15944
39.65 -0.130785 -0.0526022
39.7 -0.131768 0.0129124
39.75 -0.13357 -0.0843855
39.8 -0.137117 -0.057543
39.85 -0.139427 -0.0349364
39.9 -0.141005 -0.0282126
39.95 -0.142464 -0.030074
40 -0.144906 -0.0673336
40.05 -0.147495 -0.036353
40.1 -0.149683 -0.0510205
40.15 -0.151362 -0.0162976
40.2 -0.151063 0.0279714
40.25 -0.149905 0.0184011
40.3 -0.14967 -0.00885964
40.35 -0.149295 0.023656
40.4 -0.147326 0.0548891
40.45 -0.145796 0.00655367
40.5 -0.144616 0.040402
40.55 -0.141993 0.0643015
40.6 -0.139397 0.0396339
40.65 -0.137428 0.0390789
40.7 -0.133116 0.132734
40.75 -0.126785 0.120411
40.8 -0.120143 0.14499
40.85 -0.111531 0.198924
40.9 -0.0993664 0.286852
40.95 -0.0858376 0.254152
41 -0.0739161 0.222596
41.05 -0.0635619 0.191493
41.1 -0.0549144 0.154407
41.15 -0.0485144 0.101741
41.2 -0.0436127 0.09425
41.25 -0.0396242 0.0653589
41.3 -0.0347072 0.130813
41.35 -0.0300723 0.054912
41.4 -0.0278716 0.0331894
41.45 -0.0250953 0.077533
41.5 -0.0229731 0.00770959
41.55 -0.0216977 0.0430656
41.6 -0.0190606 0.0622405
41.65 -0.0143572 0.125406
41.7 -0.00972542 0.0601335
41.75 -0.00589626 0.0927448
41.8 -0.00154481 0.0812714
41.85 0.00203929 0.0621149
41.9 0.00299818 -0.0232806
41.95 0.00330618 0.0352482
42 0.0065882 0.095595
42.05 0.00921617 0.00996145
42.1 0.00993857 0.0188641
42.15 0.0106228 0.00854849
42.2 0.0101367 -0.0277681
42.25 0.00818977 -0.0499281
42.3 0.00368538 -0.129665
42.35 -0.0016323 -0.0831818
42.4 -0.0052635 -0.062099
42.45 -0.00889306 -0.0828698
42.5 -0.013197 -0.0891419
42.55 -0.0176892 -0.0904251
42.6 -0.0239578 -0.159753
42.65 -0.0315546 -0.144022
42.7 -0.0402714 -0.204078
42.75 -0.0503771 -0.199919
42.8 -0.0606291 -0.209847
42.85 -0.0699692 -0.16379
42.9 -0.0778746 -0.152297
42.95 -0.0843475 -0.106725
43 -0.0894548 -0.0974915
43.05 -0.0955512 -0.145927
43.1 -0.101139 -0.0778557
43.15 -0.10447 -0.0554124
43.2 -0.106361 -0.0203822
43.25 -0.107905 -0.0412141
43.3 -0.111195 -0.0900384
43.35 -0.11401 -0.0228918
43.4 -0.114521 0.0023146
43.45 -0.114502 -0.00153223
43.5 -0.112725 0.0721676
43.55 -0.108538 0.0950556
43.6 -0.103885 0.0909592
43.65 -0.0968267 0.19062
43.7 -0.0845638 0.298952
43.75 -0.0707489 0.253564
43.8 -0.0568282 0.302624
43.85 -0.041061 0.327521
43.9 -0.0236425 0.36854
43.95 -0.0044988 0.39656
44 0.0133518 0.317481
44.05 0.0298909 0.343513
44.1 0.0463729 0.315518
44.15 0.0639659 0.387337
44.2 0.0837657 0.404057
44.25 0.104383 0.420005
44.3 0.126497 0.463751
44.35 0.149214 0.444488
44.4 0.170751 0.416598
44.45 0.191001 0.39303
44.5 0.210422 0.383408
44.55 0.229254 0.369452
44.6 0.249842 0.453068
44.65 0.270116 0.357947
44.7 0.287731 0.346274
44.75 0.303417 0.281155
44.8 0.316604 0.246198
44.85 0.328853 0.243458
44.9 0.340127 0.207448
44.95 0.350821 0.219958
45 0.361714 0.215503
45.05 0.373459 0.253807
45.1 0.384187 0.175494
45.15 0.39109 0.100886
45.2 0.395898 0.0913618
45.25 0.396624 -0.0614382
45.3 0.394682 -0.0164372
45.35 0.391504 -0.110049
45.4 0.387681 -0.043185
45.45 0.387024 0.0165676
45.5 0.386066 -0.0544512
45.55 0.381498 -0.12773
45.6 0.374845 -0.138155
45.65 0.366987 -0.175734
45.7 0.356832 -0.229879
45.75 0.346828 -0.170385
45.8 0.338317 -0.169841
45.85 0.329419 -0.185783
45.9 0.320267 -0.180087
45.95 0.31091 -0.193891
46 0.302115 -0.157909
46.05 0.292397 -0.230135
46.1 0.280356 -0.251054
46.15 0.266756 -0.292371
46.2 0.252809 -0.265304
46.25 0.239064 -0.284071
46.3 0.224127 -0.312843
46.35 0.208702 -0.303818
46.4 0.192369 -0.348842
46.45 0.173649 -0.399201
46.5 0.153735 -0.396851
46.55 0.133708 -0.40371
46.6 0.113907 -0.387924
46.65 0.0949381 -0.37044
46.7 0.0761094 -0.382166
46.75 0.0566345 -0.396255
46.8 0.0382354 -0.33958
46.85 0.0211661 -0.342744
46.9 0.00454051 -0.321985
46.95 -0.0126735 -0.365883
47 -0.0306545 -0.352984
47.05 -0.0483071 -0.352676
47.1 -0.0642369 -0.284515
47.15 -0.0791796 -0.312652
47.2 -0.0965686 -0.382065
47.25 -0.115368 -0.369493
47.3 -0.13511 -0.419428
47.35 -0.158268 -0.505784
47.4 -0.184572 -0.545487
47.45 -0.21049 -0.490882
47.5 -0.234114 -0.453719
47.55 -0.256069 -0.424119
47.6 -0.278019 -0.45313
47.65 -0.299131 -0.391206
47.7 -0.319114 -0.407509
47.75 -0.339126 -0.392549
47.8 -0.359117 -0.406513
47.85 -0.379233 -0.397659
47.9 -0.399298 -0.404419
47.95 -0.41766 -0.330042
48 -0.432489 -0.263106
48.05 -0.442071 -0.120773
48.1 -0.450547 -0.217512
48.15 -0.461749 -0.230196
48.2 -0.471943 -0.177627
48.25 -0.480529 -0.165673
48.3 -0.487612 -0.117721
48.35 -0.494308 -0.149791
48.4 -0.503841 -0.23082
48.45 -0.514127 -0.180656
48.5 -0.523661 -0.200349
48.55 -0.534583 -0.236042
48.6 -0.547092 -0.263835
48.65 -0.559356 -0.226646
48.7 -0.569183 -0.166539
48.75 -0.575448 -0.0843824
48.8 -0.578374 -0.0328825
48.85 -0.578687 0.0200673
48.9 -0.576875 0.0521792
48.95 -0.575036 0.0215087
49 -0.569088 0.215142
49.05 -0.55934 0.174741
49.1 -0.551058 0.156443
49.15 -0.542509 0.185144
49.2 -0.533638 0.169552
49.25 -0.526055 0.133797
49.3 -0.518836 0.154664
49.35 -0.510759 0.168118
49.4 -0.503789 0.110845
49.45 -0.498697 0.0928292
49.5 -0.4926 0.150542
49.55 -0.485982 0.114243
49.6 -0.480638 0.0994585
49.65 -0.474982 0.126499
49.7 -0.466981 0.192945
49.75 -0.457123 0.201049
49.8 -0.446881 0.208362
49.85 -0.436212 0.218055
49.9 -0.424887 0.234566
49.95 -0.412646 0.254637
50 -0.398767 0.299903
50.05 -0.380451 0.431511
50.1 -0.358338 0.452347
50.15 -0.333642 0.534385
50.2 -0.308183 0.483633
50.25 -0.284755 0.453077
50.3 -0.260658 0.509872
50.35 -0.235935 0.478616
50.4 -0.210714 0.529255
50.45 -0.184391 0.523071
50.5 -0.157242 0.561982
50.55 -0.131642 0.461942
50.6 -0.110327 0.390559
50.65 -0.0884368 0.483938
50.7 -0.0649175 0.456403
50.75 -0.0413868 0.48407
50.8 -0.01759 0.467305
50.85 0.00610311 0.479749
50.9 0.0291904 0.443375
50.95 0.0516659 0.45501
51 0.0738763 0.432979
51.05 0.0949631 0.410097
51.1 0.115372 0.405765
51.15 0.133548 0.321309
51.2 0.148863 0.291087
51.25 0.162024 0.235368
51.3 0.176385 0.33811
51.35 0.194855 0.399869
51.4 0.21075 0.236462
51.45 0.220516 0.15441
51.5 0.228843 0.178347
51.55 0.237724 0.176665
51.6 0.245973 0.153227
51.65 0.250742 0.0380902
51.7 0.25179 0.00399029
51.75 0.24842 -0.137855
51.8 0.241133 -0.153341
51.85 0.231321 -0.23842
51.9 0.223101 -0.0910111
51.95 0.219195 -0.065312
52 0.215151 -0.0961581
52.05 0.209622 -0.124693
52.1 0.204021 -0.0993448
52.15 0.196988 -0.181322
52.2 0.186421 -0.240723
52.25 0.172881 -0.300184
52.3 0.1569 -0.338445
52.35 0.1415 -0.277531
52.4 0.128662 -0.235904
52.45 0.114258 -0.339279
52.5 0.0984537 -0.292777
52.55 0.0842936 -0.273386
52.6 0.0720007 -0.218345
52.65 0.0612545 -0.211275
52.7 0.0511918 -0.1911
52.75 0.0417042 -0.18818
52.8 0.031281 -0.228251
52.85 0.0203752 -0.207827
52.9 0.0102062 -0.19873
52.95 -0.000110983 -0.213609
53 -0.0088889 -0.137733
53.05 -0.0137661 -0.0577038
53.1 -0.0185604 -0.133502
53.15 -0.0261126 -0.168192
53.2 -0.0334039 -0.12354
53.25 -0.0379469 -0.0584481
53.3 -0.0399912 -0.0234794
53.35 -0.0408546 -0.0111051
53.4 -0.0403246 0.032038
53.45 -0.0381373 0.0552591
53.5 -0.0358479 0.0363706
53.55 -0.0336622 0.0509195
53.6 -0.0297614 0.104696
53.65 -0.0247338 0.0963323
53.7 -0.0203268 0.0799332
53.75 -0.0192682 -0.0369288
53.8 -0.0205965 -0.0162897
53.85 -0.0219011 -0.0357492
53.9 -0.0226013 0.00750743
53.95 -0.0210877 0.0527293
54 -0.0188488 0.0368667
54.05 -0.0180318 -0.00396928
54.1 -0.0160058 0.0844393
54.15 -0.0109079 0.119143
54.2 -0.00611413 0.0727605
54.25 -0.00163727 0.106005
54.3 0.00397525 0.118282
54.35 0.0091403 0.0883655
54.4 0.0134458 0.0837734
54.45 0.0191502 0.143906
54.5 0.0255569 0.112388
54.55 0.0325701 0.167636
54.6 0.0414 0.185237
54.65 0.0512362 0.207827
54.7 0.0608892 0.178227
54.75 0.0693298 0.159295
54.8 0.0760645 0.110211
54.85 0.0800545 0.0496472
54.9 0.0811948 -0.00375254
54.95 0.0807217 -0.0150891
55 0.0781113 -0.0888307
55.05 0.0761269 0.00892991
55.1 0.0759659 -0.0152225
55.15 0.0740275 -0.0619914
55.2 0.0713027 -0.0470191
55.25 0.0679461 -0.0869235
55.3 0.0638895 -0.0753077
55.35 0.0604499 -0.0622672
55.4 0.059894 0.0394486
55.45 0.0608425 -0.00129476
55.5 0.0626438 0.0728633
55.55 0.0650758 0.0246409
55.6 0.066107 0.016628
55.65 0.0657545 -0.0304418
55.7 0.064893 -0.00415252
55.75 0.0657681 0.0388842
55.8 0.065684 -0.0417745
55.85 0.0637836 -0.0342365
55.9 0.0601795 -0.109394
55.95 0.0544321 -0.120294
56 0.0480731 -0.133828
56.05 0.0397374 -0.199006
56.1 0.0309347 -0.153148
56.15 0.0251301 -0.0793246
56.2 0.0197728 -0.134509
56.25 0.012484 -0.156727
56.3 0.00417596 -0.175279
56.35 -0.00494016 -0.189055
56.4 -0.0142954 -0.184941
56.45 -0.0245101 -0.223168
56.5 -0.0355769 -0.219246
56.55 -0.0484274 -0.294013
56.6 -0.0621846 -0.256149
56.65 -0.0746006 -0.240272
56.7 -0.0852543 -0.185929
56.75 -0.0943378 -0.177231
56.8 -0.103713 -0.197409
56.85 -0.112792 -0.165706
56.9 -0.119674 -0.109762
56.95 -0.122464 -0.00240238
57 -0.122817 -0.0116446
57.05 -0.124017 -0.0361577
57.1 -0.124563 0.014016
57.15 -0.123233 0.0390255
57.2 -0.121383 0.0349336
57.25 -0.119186 0.0527724
57.3 -0.116239 0.0649763
57.35 -0.113226 0.0555426
57.4 -0.107974 0.153813
57.45 -0.0988189 0.211815
57.5 -0.0906187 0.116546
57.55 -0.0839221 0.150947
57.6 -0.0754205 0.188682
57.65 -0.0644362 0.250055
57.7 -0.0510353 0.285434
57.75 -0.0373837 0.260436
57.8 -0.0235212 0.29352
57.85 -0.0101343 0.241924
57.9 0.00301349 0.283412
57.95 0.0187118 0.343771
58 0.038096 0.430595
58.05 0.060372 0.459714
58.1 0.0829775 0.444031
58.15 0.104598 0.4204
58.2 0.124557 0.3777
58.25 0.1432 0.367599
58.3 0.161316 0.356636
58.35 0.181102 0.433855
58.4 0.200285 0.333583
58.45 0.216767 0.325351
58.5 0.23156 0.266342
58.55 0.243455 0.209489
58.6 0.255092 0.255422
58.65 0.267284 0.232084
58.7 0.279556 0.258353
58.75 0.293651 0.304807
58.8 0.310469 0.367117
58.85 0.327074 0.297079
58.9 0.340847 0.253744
58.95 0.353229 0.24131
59 0.363844 0.183362
59.05 0.372728 0.171852
59.1 0.378305 0.0517794
59.15 0.381056 0.0581652
59.2 0.386397 0.15476
59.25 0.391973 0.0686312
59.3 0.39451 0.033015
59.35 0.398021 0.106886
59.4 0.402421 0.06922
59.45 0.404533 0.0155401
59.5 0.405535 0.0244782
59.55 0.406639 0.0196809
59.6 0.407044 -0.00337552
59.65 0.406671 -0.0114673
59.7 0.405589 -0.0316938
59.75 0.405171 0.0147085
59.8 0.403812 -0.0685199
59.85 0.399316 -0.110981
59.9 0.392866 -0.146646
59.95 0.387455 -0.0700997
60 0.382888 -0.112193
60.05 0.376402 -0.146911
60.1 0.36879 -0.157322
60.15 0.358083 -0.27002
60.2 0.342591 -0.34878
60.25 0.324936 -0.356945
60.3 0.30655 -0.377909
60.35 0.287669 -0.376872
60.4 0.269118 -0.364745
60.45 0.249877 -0.404197
60.5 0.228406 -0.453826
60.55 0.206651 -0.416052
60.6 0.185601 -0.425335
60.65 0.165279 -0.387251
60.7 0.145371 -0.408471
60.75 0.125469 -0.387213
60.8 0.104608 -0.446358
60.85 0.0835861 -0.394305
60.9 0.0628664 -0.43373
60.95 0.0406618 -0.453776
61 0.0201659 -0.366062
61.05 0.00113342 -0.39459
61.1 -0.0204873 -0.469255
61.15 -0.0455766 -0.533309
61.2 -0.0704868 -0.462887
61.25 -0.092969 -0.435993
61.3 -0.114126 -0.409916
61.35 -0.134788 -0.416
61.4 -0.154812 -0.38463
61.45 -0.174124 -0.38738
61.5 -0.193501 -0.387178
61.55 -0.21395 -0.430033
61.6 -0.237319 -0.503723
61.65 -0.26281 -0.515197
61.7 -0.287044 -0.453922
61.75 -0.308033 -0.385483
61.8 -0.325216 -0.301928
61.85 -0.341685 -0.356081
61.9 -0.359912 -0.372456
61.95 -0.377022 -0.311877
62 -0.392302 -0.29899
62.05 -0.405451 -0.227053
62.1 -0.416434 -0.212103
62.15 -0.427021 -0.211113
62.2 -0.436349 -0.162069
62.25 -0.446038 -0.224883
62.3 -0.459033 -0.294164
62.35 -0.47378 -0.295337
62.4 -0.48716 -0.23986
62.45 -0.496683 -0.14138
62.5 -0.501675 -0.0586903
62.55 -0.502488 0.0256866
62.6 -0.500381 0.0583725
62.65 -0.496602 0.0924935
62.7 -0.492194 0.0837624
62.75 -0.486477 0.144398
62.8 -0.479937 0.117199
62.85 -0.4742 0.112198
62.9 -0.467935 0.138084
62.95 -0.462362 0.0850097
63 -0.459029 0.0484441
63.05 -0.456069 0.0697481
63.1 -0.452272 0.081944
63.15 -0.448545 0.0671583
63.2 -0.444941 0.0768534
63.25 -0.440046 0.118551
63.3 -0.435667 0.0568933
63.35 -0.433286 0.0383581
63.4 -0.430765 0.0622785
63.45 -0.426155 0.121675
63.5 -0.419658 0.137957
63.55 -0.41231 0.155652
63.6 -0.405378 0.121648
63.65 -0.398885 0.137824
63.7 -0.391363 0.162717
63.75 -0.38268 0.184283
63.8 -0.371505 0.261946
63.85 -0.355665 0.370645
63.9 -0.335349 0.441075
63.95 -0.31397 0.413689
64 -0.294822 0.352107
64.05 -0.276532 0.378891
64.1 -0.258983 0.322953
64.15 -0.242001 0.355699
64.2 -0.226211 0.275964
64.25 -0.211954 0.293883
64.3 -0.197881 0.26881
64.35 -0.184687 0.258692
64.4 -0.170251 0.318004
64.45 -0.154655 0.305539
64.5 -0.136503 0.419396
64.55 -0.118012 0.320363
64.6 -0.101503 0.339497
64.65 -0.0862757 0.269605
64.7 -0.0710743 0.337671
64.75 -0.0550362 0.303648
64.8 -0.0400502 0.295465
64.85 -0.0248674 0.311369
64.9 -0.0116567 0.217283
64.95 -0.0020089 0.168671
65 0.00581721 0.14432
65.05 0.0146166 0.207066
65.1 0.0264188 0.264388
65.15 0.0393714 0.253453
65.2 0.0512253 0.220599
65.25 0.0628102 0.242378
65.3 0.0749394 0.242484
65.35 0.0864449 0.217592
65.4 0.096115 0.169253
65.45 0.103404 0.122418
65.5 0.106056 -0.0155962
65.55 0.103299 -0.0941525
65.6 0.0960637 -0.194501
65.65 0.0871672 -0.161331
65.7 0.0797178 -0.136601
65.75 0.0723956 -0.155991
65.8 0.0636602 -0.192987
65.85 0.0553946 -0.137752
65.9 0.0461747 -0.23027
65.95 0.0330612 -0.293568
66 0.0168826 -0.35282
66.05 -0.00199925 -0.40169
66.1 -0.0209298 -0.355327
66.15 -0.0376981 -0.315223
66.2 -0.055323 -0.388895
66.25 -0.0740595 -0.360261
66.3 -0.0915806 -0.340261
66.35 -0.108139 -0.321762
66.4 -0.123672 -0.299302
66.45 -0.138096 -0.277439
66.5 -0.151597 -0.262357
66.55 -0.166197 -0.320928
66.6 -0.181852 -0.30495
66.65 -0.196492 -0.280418
66.7 -0.210832 -0.292784
66.75 -0.224325 -0.246837
66.8 -0.234869 -0.175104
66.85 -0.244192 -0.197425
66.9 -0.255629 -0.259417
66.95 -0.268085 -0.238639
67 -0.278888 -0.19348
67.05 -0.286821 -0.124056
67.1 -0.292068 -0.0858903
67.15 -0.293197 0.0399935
67.2 -0.289354 0.113208
67.25 -0.284139 0.0953902
67.3 -0.278926 0.11287
67.35 -0.270897 0.207551
67.4 -0.260491 0.208407
67.45 -0.249861 0.216476
67.5 -0.239585 0.194445
67.55 -0.229272 0.217686
67.6 -0.218294 0.221142
67.65 -0.205013 0.309215
67.7 -0.189068 0.328083
67.75 -0.174787 0.243304
67.8 -0.164495 0.168558
67.85 -0.153478 0.271221
67.9 -0.137921 0.350211
67.95 -0.121318 0.313725
68 -0.104524 0.357335
68.05 -0.086145 0.377256
68.1 -0.0679677 0.34954
68.15 -0.0507972 0.336924
68.2 -0.0331879 0.366829
68.25 -0.0192464 0.191509
68.3 -0.00956292 0.195565
68.35 0.00243715 0.283618
68.4 0.0200591 0.420013
68.45 0.0400761 0.380396
68.5 0.0582875 0.347796
68.55 0.0741366 0.286131
68.6 0.0875607 0.250702
68.65 0.0984649 0.185577
68.7 0.107344 0.169451
68.75 0.114394 0.112703
68.8 0.120687 0.138701
68.85 0.125855 0.0683264
68.9 0.128253 0.0277641
68.95 0.131086 0.0851601
69 0.133761 0.0221353
69.05 0.137228 0.115907
69.1 0.14346 0.133118
69.15 0.150718 0.15686
69.2 0.157415 0.111112
69.25 0.163111 0.116558
69.3 0.167927 0.0761981
69.35 0.171189 0.0543313
69.4 0.17254 2.37974e-06
69.45 0.173331 0.0314186
69.5 0.177086 0.118185
69.55 0.180354 0.0130858
69.6 0.180993 0.0124524
69.65 0.180267 -0.041141
69.7 0.17646 -0.110653
69.75 0.170236 -0.13798
69.8 0.161379 -0.215632
69.85 0.150884 -0.203961
69.9 0.141331 -0.178095
69.95 0.131792 -0.203075
70 0.121427 -0.211219
70.05 0.110428 -0.228339
70.1 0.0975238 -0.287163
70.15 0.0834998 -0.273527
70.2 0.0679718 -0.34677
70.25 0.0506314 -0.346414
70.3 0.031678 -0.410864
70.35 0.0119532 -0.377827
70.4 -0.00646884 -0.358704
70.45 -0.0228408 -0.296131
70.5 -0.0374781 -0.289034
70.55 -0.052614 -0.315864
70.6 -0.0661436 -0.22551
70.65 -0.0755079 -0.149275
70.7 -0.0807572 -0.0610868
70.75 -0.0841826 -0.0757549
70.8 -0.088454 -0.0948832
70.85 -0.0920605 -0.0495493
70.9 -0.0942069 -0.0363318
70.95 -0.0960664 -0.0379933
71 -0.097316 -0.0121104
71.05 -0.0972817 0.0133322
71.1 -0.096653 0.0118084
71.15 -0.0951933 0.0463389
71.2 -0.0917819 0.0897749
71.25 -0.0882236 0.0526879
71.3 -0.0844071 0.099598
71.35 -0.0780325 0.154902
71.4 -0.068851 0.211793
71.45 -0.057463 0.243253
71.5 -0.0466989 0.187371
71.55 -0.0359637 0.241447
71.6 -0.0242515 0.226835
71.65 -0.0108016 0.31033
71.7 0.00529231 0.332889
71.75 0.0230554 0.376927
71.8 0.0421251 0.385335
71.85 0.0610882 0.372785
71.9 0.0789821 0.342696
71.95 0.0954469 0.315642
72 0.111091 0.309761
72.05 0.126482 0.305517
72.1 0.142057 0.317043
72.15 0.156524 0.261581
72.2 0.169403 0.253321
72.25 0.180944 0.208275
72.3 0.190106 0.15828
72.35 0.199381 0.212144
72.4 0.208322 0.145698
72.45 0.215585 0.144644
72.5 0.223416 0.168251
72.55 0.233146 0.220399
72.6 0.242554 0.156067
72.65 0.247877 0.0572986
72.7 0.250925 0.0644798
72.75 0.251083 -0.0574505
72.8 0.249366 -0.0114465
72.85 0.247926 -0.0459207
72.9 0.245398 -0.0550584
72.95 0.244267 0.0094645
73 0.243426 -0.0427654
73.05 0.239004 -0.133482
73.1 0.233921 -0.0700996
73.15 0.229483 -0.107072
73.2 0.222894 -0.156034
73.25 0.215247 -0.149702
73.3 0.20774 -0.150366
73.35 0.199986 -0.159563
73.4 0.192704 -0.131712
73.45 0.185904 -0.140066
73.5 0.179681 -0.108869
73.55 0.173159 -0.151605
73.6 0.164987 -0.17491
73.65 0.155659 -0.197852
73.7 0.148041 -0.107221
73.75 0.142421 -0.117374
73.8 0.136245 -0.129427
73.85 0.12992 -0.123468
73.9 0.121253 -0.222404
73.95 0.109212 -0.258718
74 0.0964351 -0.252072
74.05 0.0836332 -0.259636
74.1 0.0710036 -0.245316
74.15 0.0594625 -0.216209
74.2 0.0477721 -0.250908
74.25 0.0349037 -0.263427
74.3 0.0229773 -0.213622
74.35 0.0120604 -0.222725
74.4 0.00156841 -0.196843
74.45 -0.0093944 -0.241133
74.5 -0.0193109 -0.155779
74.55 -0.0280184 -0.192088
74.6 -0.0362911 -0.138927
74.65 -0.0441052 -0.173237
74.7 -0.0546447 -0.24764
74.75 -0.0663293 -0.219614
74.8 -0.0777333 -0.236165
74.85 -0.0911851 -0.301186
74.9 -0.108046 -0.372402
74.95 -0.124968 -0.304461
75 -0.139533 -0.277937
75.05 -0.152159 -0.227088
75.1 -0.164885 -0.281297
75.15 -0.178447 -0.26096
75.2 -0.191716 -0.26943
75.25 -0.206255 -0.311484
75.3 -0.223466 -0.376152
75.35 -0.243874 -0.439279
75.4 -0.26572 -0.434072
75.45 -0.286216 -0.385539
75.5 -0.304673 -0.352474
75.55 -0.321576 -0.323358
75.6 -0.339743 -0.402395
75.65 -0.359602 -0.391568
75.7 -0.377206 -0.312614
75.75 -0.392588 -0.302329
75.8 -0.40678 -0.26522
75.85 -0.422399 -0.358576
75.9 -0.440131 -0.350314
75.95 -0.45645 -0.302331
76 -0.471762 -0.309705
76.05 -0.488989 -0.378519
76.1 -0.508371 -0.396194
76.15 -0.526983 -0.348086
76.2 -0.542854 -0.28674
76.25 -0.554506 -0.17967
76.3 -0.561178 -0.0875623
76.35 -0.564333 -0.0388514
76.4 -0.565415 -0.0045959
76.45 -0.567034 -0.0597972
76.5 -0.567044 0.0586948
76.55 -0.564445 0.0452609
76.6 -0.561761 0.0619311
76.65 -0.557738 0.0986703
76.7 -0.554791 0.019619
76.75 -0.554203 0.00397146
76.8 -0.553355 0.0297802
76.85 -0.55134 0.0506581
76.9 -0.549219 0.0342249
76.95 -0.547579 0.0313255
77 -0.543916 0.114611
77.05 -0.539175 0.0751486
77.1 -0.535568 0.0690913
77.15 -0.531286 0.10187
77.2 -0.525187 0.141721
77.25 -0.517745 0.155675
77.3 -0.50965 0.167846
77.35 -0.501778 0.146966
77.4 -0.493915 0.167225
77.45 -0.484938 0.191482
77.5 -0.470927 0.367569
77.55 -0.451252 0.418667
77.6 -0.427975 0.511264
77.65 -0.40013 0.601314
77.7 -0.371288 0.55194
77.75 -0.344935 0.501783
77.8 -0.319008 0.534475
77.85 -0.292653 0.519133
77.9 -0.266222 0.537358
77.95 -0.240139 0.505474
78 -0.214172 0.532417
78.05 -0.188717 0.485413
78.1 -0.166863 0.38877
78.15 -0.146024 0.443916
78.2 -0.124137 0.431124
78.25 -0.0993667 0.558299
78.3 -0.0728561 0.501788
78.35 -0.0475608 0.509344
78.4 -0.0239751 0.433935
78.45 2.4795e-05 0.52492
78.5 0.025497 0.493514
78.55 0.049611 0.470573
78.6 0.0729912 0.464086
78.65 0.0954719 0.434751
78.7 0.115631 0.371475
78.75 0.132931 0.320406
78.8 0.151082 0.404682
78.85 0.171745 0.421197
78.9 0.191799 0.380702
78.95 0.208797 0.299289
79 0.224154 0.31452
79.05 0.23995 0.316888
79.1 0.25524 0.294453
79.15 0.266697 0.164319
79.2 0.27398 0.127019
79.25 0.279201 0.0819815
79.3 0.281535 0.0117098
79.35 0.28025 -0.06262
79.4 0.27777 -0.0366816
79.45 0.276856 -7.77224e-05
79.5 0.27608 -0.0307425
79.55 0.273992 -0.052616
79.6 0.272345 -0.0134425
79.65 0.270299 -0.0680219
79.7 0.266128 -0.0985194
79.75 0.259964 -0.147635
79.8 0.250443 -0.232448
79.85 0.239661 -0.198772
79.9 0.230038 -0.185975
79.95 0.218759 -0.264449
80 0.20548 -0.266356
80.05 0.192019 -0.271726
80.1 0.179538 -0.227427
80.15 0.168357 -0.219605
80.2 0.158129 -0.189405
80.25 0.14854 -0.193915
80.3 0.137794 -0.235407
80.35 0.126867 -0.201579
80.4 0.116926 -0.195843
80.45 0.106636 -0.215389
80.5 0.0972442 -0.160375
80.55 0.0896571 -0.143022
80.6 0.0808455 -0.208833
80.65 0.0693349 -0.251054
80.7 0.0578268 -0.209225
80.75 0.0475651 -0.201034
80.8 0.0379376 -0.183925
80.85 0.0288796 -0.178199
80.9 0.0215875 -0.113683
80.95 0.0168888 -0.0743771
81 0.0104189 -0.183615
81.05 0.00227237 -0.142283
81.1 -0.00276734 -0.0596647
81.15 -0.00631046 -0.0818403
81.2 -0.0105377 -0.0871112
81.25 -0.0168375 -0.164268
81.3 -0.0247973 -0.153985
81.35 -0.0327739 -0.164815
81.4 -0.0384019 -0.0607744
81.45 -0.040578 -0.0264196
81.5 -0.0429644 -0.0687249
81.55 -0.0474725 -0.111237
81.6 -0.0509651 -0.0288656
81.65 -0.0522601 -0.0229354
81.7 -0.0537209 -0.0353859
81.75 -0.0546291 -0.00112232
81.8 -0.0543455 0.0123792
81.85 -0.0549664 -0.0369108
81.9 -0.0568445 -0.0381562
81.95 -0.0571489 0.0256131
82 -0.0601903 -0.146183
82.05 -0.0652687 -0.0573493
82.1 -0.0651201 0.0625846
82.15 -0.0611296 0.0967349
82.2 -0.0568684 0.0737411
82.25 -0.0536621 0.0545417
82.3 -0.053398 -0.0434085
82.35 -0.0566292 -0.0855108
82.4 -0.0626097 -0.153157
82.45 -0.0704067 -0.158496
82.5 -0.0796134 -0.209243
82.55 -0.0885994 -0.15032
82.6 -0.0969534 -0.183433
82.65 -0.106583 -0.201406
82.7 -0.115167 -0.142104
82.75 -0.122682 -0.158183
82.8 -0.128973 -0.0936893
82.85 -0.133359 -0.0817202
82.9 -0.135885 -0.0196286
82.95 -0.137206 -0.0330779
83 -0.138096 -0.00270211
83.05 -0.139381 -0.0483632
83.1 -0.141662 -0.0428749
83.15 -0.145384 -0.10553
83.2 -0.148916 -0.0360919
83.25 -0.149486 0.0130347
83.3 -0.150403 -0.0493245
83.35 -0.152564 -0.0371424
83.4 -0.156512 -0.120164
83.45 -0.162451 -0.117283
83.5 -0.168308 -0.116845
83.55 -0.176834 -0.223366
83.6 -0.186786 -0.174741
83.65 -0.19317 -0.0810082
83.7 -0.19836 -0.126212
83.75 -0.204554 -0.121404
83.8 -0.210455 -0.11452
83.85 -0.218101 -0.1907
83.9 -0.226882 -0.16049
83.95 -0.234789 -0.155604
84 -0.242233 -0.142057
84.05 -0.250223 -0.177139
84.1 -0.25854 -0.155447
84.15 -0.265241 -0.11267
84.2 -0.270081 -0.0810226
84.25 -0.27352 -0.0565959
84.3 -0.277589 -0.105758
84.35 -0.280174 0.00176966
84.4 -0.275976 0.165119
84.45 -0.26567 0.246365
84.5 -0.253708 0.231914
84.55 -0.242756 0.206038
84.6 -0.23127 0.25284
84.65 -0.217656 0.291153
84.7 -0.20301 0.294301
84.75 -0.185019 0.424097
84.8 -0.163669 0.429343
84.85 -0.142786 0.405598
84.9 -0.118581 0.561065
84.95 -0.0892191 0.612383
85 -0.0606017 0.532066
85.05 -0.0327434 0.581275
85.1 -0.00316395 0.601043
85.15 0.0283293 0.657563
85.2 0.0618737 0.683217
85.25 0.0947606 0.631738
85.3 0.126478 0.636143
85.35 0.156914 0.580829
85.4 0.187231 0.63081
85.45 0.220731 0.70791
85.5 0.257464 0.76015
85.55 0.297642 0.845477
85.6 0.339056 0.810258
85.65 0.37871 0.775104
85.7 0.416295 0.727629
85.75 0.451937 0.697315
85.8 0.48611 0.668943
85.85 0.520297 0.697486
85.9 0.553151 0.616344
85.95 0.583188 0.584569
86 0.609774 0.478792
86.05 0.631616 0.394863
86.1 0.651817 0.41254
86.15 0.670669 0.341511
86.2 0.688643 0.376774
86.25 0.707968 0.395648
86.3 0.728554 0.427073
86.35 0.748397 0.366502
86.4 0.764782 0.288956
86.45 0.778371 0.254436
86.5 0.78951 0.19123
86.55 0.799036 0.189587
86.6 0.805482 0.0687807
86.65 0.808657 0.0582204
86.7 0.813894 0.15057
86.75 0.817733 0.00378677
86.8 0.815226 -0.103377
86.85 0.810771 -0.074896
86.9 0.804997 -0.155425
86.95 0.79508 -0.240517
87 0.782509 -0.261885
87.05 0.76876 -0.287581
87.1 0.753425 -0.325215
87.15 0.737627 -0.306407
87.2 0.721471 -0.339253
87.25 0.704947 -0.321378
87.3 0.687397 -0.379858
87.35 0.667282 -0.423976
87.4 0.645205 -0.45833
87.45 0.623336 -0.416119
87.5 0.601704 -0.448423
87.55 0.578191 -0.491276
87.6 0.553182 -0.508358
87.65 0.526478 -0.558813
87.7 0.497456 -0.601086
87.75 0.467063 -0.613814
87.8 0.435769 -0.637038
87.85 0.404126 -0.627905
87.9 0.373101 -0.612408
87.95 0.341452 -0.652536
88 0.307799 -0.692492
88.05 0.27489 -0.623474
88.1 0.2435 -0.631261
88.15 0.212968 -0.589512
88.2 0.182933 -0.611002
88.25 0.153437 -0.568349
88.3 0.124613 -0.583776
88.35 0.0964578 -0.541988
88.4 0.0678367 -0.601788
88.45 0.0367048 -0.642464
88.5 0.00602815 -0.584173
88.55 -0.0254328 -0.672953
88.6 -0.0592762 -0.679888
88.65 -0.0940149 -0.708617
88.7 -0.128379 -0.665333
88.75 -0.160964 -0.637433
88.8 -0.191507 -0.583834
88.85 -0.222028 -0.635909
88.9 -0.25178 -0.553899
88.95 -0.279121 -0.539144
89 -0.306346 -0.549136
89.05 -0.334855 -0.59026
89.1 -0.365768 -0.645161
89.15 -0.398578 -0.666278
89.2 -0.429331 -0.563681
89.25 -0.455806 -0.495062
89.3 -0.478402 -0.408692
89.35 -0.498668 -0.401505
89.4 -0.518019 -0.372211
89.45 -0.534949 -0.304959
89.5 -0.549629 -0.28202
89.55 -0.5612 -0.181098
89.6 -0.5718 -0.242289
89.65 -0.583841 -0.239051
89.7 -0.59435 -0.181383
89.75 -0.603066 -0.16713
89.8 -0.611841 -0.183547
89.85 -0.620656 -0.168913
89.9 -0.626993 -0.0849263
89.95 -0.627812 0.0513938
90 -0.623361 0.1261
90.05 -0.61544 0.190144
90.1 -0.60487 0.232159
90.15 -0.59244 0.264544
90.2 -0.58069 0.205487
90.25 -0.569349 0.247623
90.3 -0.556731 0.256757
90.35 -0.543754 0.261965
90.4 -0.529822 0.294748
90.45 -0.515886 0.262535
90.5 -0.504514 0.19249
90.55 -0.494348 0.213765
90.6 -0.483322 0.226917
90.65 -0.472945 0.18812
90.7 -0.463841 0.175868
90.75 -0.454072 0.214453
90.8 -0.444678 0.161363
90.85 -0.437901 0.109837
90.9 -0.431796 0.13408
90.95 -0.423642 0.191525
91 -0.414514 0.173505
91.05 -0.40557 0.183973
91.1 -0.396985 0.159322
91.15 -0.388635 0.174376
91.2 -0.379308 0.198359
91.25 -0.367961 0.254902
91.3 -0.354257 0.292668
91.35 -0.337551 0.374669
91.4 -0.316383 0.470956
91.45 -0.294038 0.422583
91.5 -0.274132 0.373443
91.55 -0.253749 0.440951
91.6 -0.233731 0.359744
91.65 -0.215448 0.371067
91.7 -0.197996 0.326838
91.75 -0.179294 0.420209
91.8 -0.159922 0.354559
91.85 -0.144305 0.270238
91.9 -0.130132 0.296182
91.95 -0.115503 0.288637
92 -0.100123 0.325962
92.05 -0.0839986 0.318654
92.1 -0.0676937 0.333045
92.15 -0.0516076 0.31013
92.2 -0.0325553 0.450658
92.25 -0.0108858 0.41578
92.3 0.0096798 0.406383
92.35 0.0307764 0.436773
92.4 0.0520575 0.414066
92.45 0.0714383 0.360993
92.5 0.088883 0.336498
92.55 0.107939 0.42476
92.6 0.130163 0.463409
92.65 0.152614 0.434231
92.7 0.17328 0.392137
92.75 0.193562 0.418489
92.8 0.214587 0.421949
92.85 0.234911 0.390692
92.9 0.252422 0.309792
92.95 0.266076 0.23644
93 0.275703 0.148923
93.05 0.281608 0.0874589
93.1 0.285003 0.0484835
93.15 0.289487 0.130317
93.2 0.297378 0.184771
93.25 0.305871 0.154943
93.3 0.312744 0.119997
93.35 0.31917 0.136766
93.4 0.324325 0.069731
93.45 0.326226 0.00662733
93.5 0.323583 -0.111591
93.55 0.31616 -0.184724
93.6 0.307458 -0.163247
93.65 0.300305 -0.122933
93.7 0.293151 -0.162813
93.75 0.285117 -0.158366
93.8 0.277149 -0.160139
93.85 0.269902 -0.129735
93.9 0.263514 -0.125678
93.95 0.257206 -0.126484
94 0.251192 -0.113994
94.05 0.244717 -0.144651
94.1 0.237987 -0.124513
94.15 0.231807 -0.12253
94.2 0.224763 -0.158829
94.25 0.217821 -0.118934
94.3 0.212304 -0.101715
94.35 0.206399 -0.134121
94.4 0.199012 -0.161029
94.45 0.191218 -0.150589
94.5 0.183926 -0.140979
94.55 0.177359 -0.121617
94.6 0.171871 -0.0979262
94.65 0.168345 -0.0433504
94.7 0.166799 -0.0185881
94.75 0.162499 -0.152512
94.8 0.155249 -0.13738
94.85 0.149489 -0.0931588
94.9 0.144088 -0.122571
94.95 0.137578 -0.137563
95 0.129119 -0.200207
95.05 0.11941 -0.187983
95.1 0.109871 -0.193323
95.15 0.100661 -0.174965
95.2 0.0927463 -0.14161
95.25 0.0835533 -0.225386
95.3 0.0705697 -0.293232
95.35 0.0568773 -0.254346
95.4 0.0445037 -0.24037
95.45 0.0315658 -0.276607
95.5 0.0186362 -0.240466
95.55 0.00739898 -0.208925
95.6 -0.00343273 -0.223983
95.65 -0.014868 -0.233085
95.7 -0.0255955 -0.195967
95.75 -0.0362893 -0.231308
95.8 -0.0461501 -0.163275
95.85 -0.0523858 -0.0864467
95.9 -0.0557286 -0.0474106
95.95 -0.0591701 -0.0899143
96 -0.0640772 -0.106151
96.05 -0.0698767 -0.125568
96.1 -0.0770942 -0.162733
96.15 -0.0858927 -0.188833
96.2 -0.0952408 -0.184878
96.25 -0.105164 -0.21164
96.3 -0.113719 -0.130838
96.35 -0.121129 -0.165167
96.4 -0.129593 -0.173139
96.45 -0.136911 -0.119696
96.5 -0.142839 -0.117306
96.55 -0.148352 -0.103164
96.6 -0.152709 -0.0711622
96.65 -0.154579 -0.00399751
96.7 -0.156174 -0.0594377
96.75 -0.158841 -0.0472398
96.8 -0.161687 -0.0664287
96.85 -0.165409 -0.0822498
96.9 -0.17074 -0.130599
96.95 -0.176048 -0.081858
97 -0.177999 0.00336666
97.05 -0.17822 -0.0121175
97.1 -0.178424 0.00388479
97.15 -0.179235 -0.0360665
97.2 -0.182369 -0.0889094
97.25 -0.186624 -0.0812405
97.3 -0.19135 -0.107507
97.35 -0.196242 -0.0881839
97.4 -0.19919 -0.0299796
97.45 -0.201352 -0.0562933
97.5 -0.204511 -0.0699216
97.55 -0.208775 -0.100362
97.6 -0.215675 -0.17501
97.65 -0.223094 -0.121884
97.7 -0.22963 -0.139306
97.75 -0.236283 -0.126718
97.8 -0.242908 -0.138053
97.85 -0.248964 -0.104235
97.9 -0.252962 -0.0558422
97.95 -0.254391 -0.00162063
98 -0.25403 0.0159642
98.05 -0.253831 -0.00788007
98.1 -0.252026 0.0795376
98.15 -0.24761 0.0968795
98.2 -0.241784 0.135782
98.25 -0.235187 0.127987
98.3 -0.229017 0.118683
98.35 -0.220995 0.201537
98.4 -0.210396 0.22203
98.45 -0.199271 0.222667
98.5 -0.184799 0.355079
98.55 -0.166188 0.388715
98.6 -0.147503 0.35837
98.65 -0.128639 0.395511
98.7 -0.107818 0.436568
98.75 -0.087588 0.372491
98.8 -0.0664692 0.471153
98.85 -0.0418954 0.510944
98.9 -0.0144182 0.587009
98.95 0.0158865 0.624197
99 0.0457507 0.569938
99.05 0.0747151 0.587807
99.1 0.103182 0.550366
99.15 0.131656 0.587683
99.2 0.162598 0.648847
99.25 0.19542 0.663115
99.3 0.229644 0.704739
99.35 0.26433 0.681979
99.4 0.297591 0.647823
99.45 0.329147 0.613828
99.5 0.359254 0.589805
99.55 0.388273 0.570366
99.6 0.416388 0.553599
99.65 0.441584 0.454192
99.7 0.463762 0.432532
99.75 0.483927 0.373898
99.8 0.501029 0.310102
99.85 0.516455 0.306602
99.9 0.529346 0.209289
