0 0.45 -1.35
0 0.382946 -1.33084
0.05 0.315512 -1.36414
0.1 0.245797 -1.42153
0.15 0.178431 -1.27432
0.2 0.113018 -1.33923
0.25 0.0492087 -1.214
0.3 -0.0111327 -1.19843
0.35 -0.0677551 -1.06761
0.4 -0.122017 -1.10082
0.45 -0.17411 -0.983891
0.5 -0.220545 -0.874485
0.55 -0.263272 -0.834312
0.6 -0.304665 -0.820632
0.65 -0.344934 -0.789687
0.7 -0.382534 -0.714837
0.75 -0.416867 -0.658735
0.8 -0.449045 -0.628137
0.85 -0.476234 -0.462036
0.9 -0.499892 -0.483252
0.95 -0.525324 -0.532415
1 -0.548522 -0.397583
1.05 -0.5669 -0.338253
1.1 -0.584497 -0.364654
1.15 -0.604089 -0.417484
1.2 -0.622533 -0.321676
1.25 -0.639066 -0.338878
1.3 -0.655404 -0.314716
1.35 -0.670139 -0.275086
1.4 -0.681953 -0.198702
1.45 -0.690803 -0.155886
1.5 -0.696829 -0.0863977
1.55 -0.699896 -0.0371492
1.6 -0.702297 -0.0584116
1.65 -0.706124 -0.0938723
1.7 -0.711644 -0.126166
1.75 -0.716247 -0.0591446
1.8 -0.717404 0.0114723
1.85 -0.715232 0.0741257
1.9 -0.709983 0.134515
1.95 -0.703301 0.132626
2 -0.694282 0.226045
2.05 -0.681223 0.294645
2.1 -0.66435 0.378188
2.15 -0.645778 0.364492
2.2 -0.627474 0.367143
2.25 -0.608327 0.397659
2.3 -0.588702 0.387062
2.35 -0.567112 0.474241
2.4 -0.541862 0.533954
2.45 -0.511709 0.668737
2.5 -0.477512 0.69767
2.55 -0.442622 0.697083
2.6 -0.408705 0.659462
2.65 -0.375908 0.651727
2.7 -0.342709 0.674916
2.75 -0.308077 0.708817
2.8 -0.274421 0.637989
2.85 -0.243182 0.611299
2.9 -0.214263 0.545997
2.95 -0.186466 0.564826
3 -0.157796 0.580909
3.05 -0.130358 0.517184
3.1 -0.10253 0.593705
3.15 -0.073558 0.565004
3.2 -0.0465758 0.51459
3.25 -0.0223688 0.454264
3.3 -0.00119808 0.393231
3.35 0.0191657 0.420268
3.4 0.0405392 0.433858
3.45 0.0610719 0.387835
3.5 0.079204 0.337973
3.55 0.0952694 0.304888
3.6 0.10923 0.254173
3.65 0.12215 0.26215
3.7 0.135053 0.253806
3.75 0.1481 0.267478
3.8 0.15832 0.14352
3.85 0.163503 0.0651808
3.9 0.168194 0.121246
3.95 0.174689 0.138065
4 0.182536 0.174861
4.05 0.190672 0.15087
4.1 0.198339 0.155532
4.15 0.204541 0.0935828
4.2 0.207351 0.02023
4.25 0.209201 0.0530389
4.3 0.21325 0.107735
4.35 0.216994 0.043208
4.4 0.219539 0.0582552
4.45 0.223947 0.116768
4.5 0.228853 0.0800988
4.55 0.233301 0.0973574
4.6 0.237665 0.0774819
4.65 0.240488 0.0361639
4.7 0.242098 0.02835
4.75 0.243922 0.0442516
4.8 0.24528 0.0107255
4.85 0.245082 -0.0180741
4.9 0.244269 -0.0145147
4.95 0.243619 -0.0115019
5 0.244619 0.0502513
5.05 0.247744 0.0741913
5.1 0.251554 0.0780368
5.15 0.252624 -0.0330859
5.2 0.251107 -0.0276717
5.25 0.247576 -0.111798
5.3 0.242392 -0.0957449
5.35 0.239315 -0.0285813
5.4 0.238168 -0.0174737
5.45 0.237549 -0.00750015
5.5 0.23783 0.01823
5.55 0.237782 -0.0194038
5.6 0.236104 -0.0471189
5.65 0.233091 -0.0728122
5.7 0.22749 -0.149581
5.75 0.217051 -0.265411
5.8 0.203008 -0.295357
5.85 0.187291 -0.332218
5.9 0.170819 -0.326324
5.95 0.15375 -0.355449
6 0.13331 -0.459569
6.05 0.109781 -0.480575
6.1 0.0854847 -0.490462
6.15 0.0600041 -0.527382
6.2 0.0351783 -0.466225
6.25 0.00953379 -0.557106
6.3 -0.0174571 -0.522524
6.35 -0.044409 -0.554237
6.4 -0.0725118 -0.568871
6.45 -0.0994705 -0.509954
6.5 -0.125757 -0.540251
6.55 -0.151213 -0.47855
6.6 -0.175792 -0.50347
6.65 -0.200828 -0.49746
6.7 -0.226244 -0.518124
6.75 -0.25023 -0.442215
6.8 -0.271771 -0.419316
6.85 -0.291921 -0.386828
6.9 -0.310901 -0.372169
6.95 -0.328069 -0.315239
7 -0.344297 -0.333106
7.05 -0.35891 -0.252637
7.1 -0.368067 -0.116124
7.15 -0.374177 -0.127868
7.2 -0.380415 -0.121628
7.25 -0.38661 -0.125904
7.3 -0.391701 -0.0785438
7.35 -0.394872 -0.0488307
7.4 -0.396621 -0.0216204
7.45 -0.398182 -0.0403875
7.5 -0.399199 -0.00104658
7.55 -0.398981 0.00954266
7.6 -0.398424 0.012672
7.65 -0.396994 0.0438698
7.7 -0.393608 0.0905657
7.75 -0.389325 0.080808
7.8 -0.384502 0.111404
7.85 -0.377671 0.160695
7.9 -0.36771 0.236005
7.95 -0.356764 0.202218
8 -0.347001 0.188336
8.05 -0.336331 0.23721
8.1 -0.324082 0.252157
8.15 -0.312057 0.228998
8.2 -0.300706 0.224828
8.25 -0.290931 0.167052
8.3 -0.28213 0.184406
8.35 -0.271865 0.225157
8.4 -0.260321 0.236092
8.45 -0.248211 0.247776
8.5 -0.236651 0.214942
8.55 -0.22538 0.235248
8.6 -0.213062 0.25671
8.65 -0.200867 0.231295
8.7 -0.190306 0.191651
8.75 -0.18149 0.161375
8.8 -0.172066 0.214276
8.85 -0.162329 0.17571
8.9 -0.151153 0.269226
8.95 -0.137665 0.269917
9 -0.123703 0.287847
9.05 -0.108247 0.329211
9.1 -0.0924414 0.303109
9.15 -0.076511 0.33311
9.2 -0.0602059 0.318956
9.25 -0.0456668 0.263339
9.3 -0.0313665 0.307437
9.35 -0.0173421 0.254233
9.4 -0.00580922 0.207705
9.45 0.00584816 0.257313
9.5 0.0182501 0.238813
9.55 0.0303686 0.245487
9.6 0.0423684 0.234419
9.65 0.0550868 0.273225
9.7 0.0685379 0.264647
9.75 0.0798426 0.188753
9.8 0.0886744 0.164768
9.85 0.0951929 0.0971415
9.9 0.100264 0.105423
9.95 0.106308 0.135564
10 0.112484 0.111814
10.05 0.115915 0.026987
10.1 0.116708 0.00515949
10.15 0.117361 0.0206374
10.2 0.11642 -0.0567126
10.25 0.1127 -0.0913355
10.3 0.10908 -0.0540896
10.35 0.104854 -0.113678
10.4 0.0982479 -0.14968
10.45 0.0902078 -0.171293
10.5 0.0814376 -0.179135
10.55 0.07261 -0.17385
10.6 0.0652159 -0.122734
10.65 0.0595335 -0.104774
10.7 0.0569822 0.000706036
10.75 0.0590991 0.0823041
10.8 0.0633894 0.0890639
10.85 0.0675575 0.077775
10.9 0.0718448 0.0933039
10.95 0.0749429 0.0317547
11 0.0755597 -0.00634531
11.05 0.0763215 0.0359622
11.1 0.0757839 -0.055641
11.15 0.0721414 -0.089304
11.2 0.0667408 -0.125857
11.25 0.0597631 -0.152546
11.3 0.0530951 -0.114752
11.35 0.0483689 -0.0749612
11.4 0.045043 -0.0583184
11.45 0.0424522 -0.0455031
11.5 0.0425393 0.0471566
11.55 0.0449226 0.0480965
11.6 0.0472404 0.0446236
11.65 0.0474478 -0.034764
11.7 0.0447954 -0.0705569
11.75 0.0431654 0.00392521
11.8 0.0437697 0.0199171
11.85 0.0426092 -0.0646354
11.9 0.0416331 0.0238654
11.95 0.0431861 0.0379368
12 0.0473629 0.127266
12.05 0.0567533 0.245769
12.1 0.0699073 0.279393
12.15 0.0846483 0.309278
12.2 0.0979422 0.223829
12.25 0.108022 0.179966
12.3 0.117116 0.183516
12.35 0.126186 0.179134
12.4 0.132951 0.092966
12.45 0.138921 0.144682
12.5 0.145782 0.129854
12.55 0.151031 0.0809715
12.6 0.152902 -0.00450343
12.65 0.152695 -0.00377601
12.7 0.152859 0.0100504
12.75 0.153713 0.0237929
12.8 0.155708 0.0553403
12.85 0.158737 0.0655525
12.9 0.15989 -0.0178295
12.95 0.161199 0.068477
13 0.164093 0.0476034
13.05 0.169692 0.173736
13.1 0.175869 0.0751255
13.15 0.179399 0.0661648
13.2 0.183108 0.081788
13.25 0.187046 0.0757536
13.3 0.18808 -0.032269
13.35 0.184742 -0.0998291
13.4 0.179595 -0.10582
13.45 0.174077 -0.114599
13.5 0.169642 -0.0636663
13.55 0.164575 -0.137433
13.6 0.157832 -0.132215
13.65 0.150002 -0.179862
13.7 0.140137 -0.213813
13.75 0.129132 -0.225855
13.8 0.116322 -0.285066
13.85 0.0999094 -0.369348
13.9 0.0848529 -0.235179
13.95 0.072006 -0.277533
14 0.0583644 -0.267973
14.05 0.0426927 -0.356741
14.1 0.0276994 -0.244821
14.15 0.0136614 -0.314956
14.2 -0.000991577 -0.271644
14.25 -0.0133383 -0.222874
14.3 -0.0243714 -0.218258
14.35 -0.0354469 -0.224361
14.4 -0.0480772 -0.279438
14.45 -0.0601524 -0.204741
14.5 -0.0700376 -0.19069
14.55 -0.0795003 -0.18764
14.6 -0.087385 -0.128711
14.65 -0.0956469 -0.200142
14.7 -0.10948 -0.349876
14.75 -0.12521 -0.280292
14.8 -0.138233 -0.241089
14.85 -0.151912 -0.30445
14.9 -0.16865 -0.363489
14.95 -0.185016 -0.29215
15 -0.200972 -0.344612
15.05 -0.219144 -0.381083
15.1 -0.237884 -0.368294
15.15 -0.254955 -0.315196
15.2 -0.270045 -0.288514
15.25 -0.282662 -0.217265
15.3 -0.291438 -0.135174
15.35 -0.297805 -0.119635
15.4 -0.304499 -0.147417
15.45 -0.313114 -0.196008
15.5 -0.320202 -0.089426
15.55 -0.323027 -0.0248008
15.6 -0.323549 0.00339514
15.65 -0.321944 0.0596573
15.7 -0.321271 -0.0309545
15.75 -0.321873 0.00613354
15.8 -0.320593 0.044284
15.85 -0.316683 0.110696
15.9 -0.312065 0.074625
15.95 -0.30946 0.0303935
16 -0.305914 0.109788
16.05 -0.301146 0.0813494
16.1 -0.295016 0.162099
16.15 -0.285836 0.204039
16.2 -0.272996 0.307226
16.25 -0.256226 0.36206
16.3 -0.237926 0.36932
16.35 -0.22101 0.308077
16.4 -0.205737 0.302559
16.45 -0.189317 0.352835
16.5 -0.170706 0.390416
16.55 -0.15286 0.324266
16.6 -0.137757 0.28033
16.65 -0.126587 0.168407
16.7 -0.116596 0.229752
16.75 -0.103324 0.299428
16.8 -0.089365 0.259356
16.85 -0.0741564 0.346873
16.9 -0.0577893 0.308157
16.95 -0.0439116 0.24779
17 -0.0332772 0.178679
17.05 -0.0264489 0.0959139
17.1 -0.02062 0.136298
17.15 -0.0135801 0.144949
17.2 -0.00660568 0.134063
17.25 -0.000718861 0.101895
17.3 0.00309656 0.0516182
17.35 0.00288656 -0.0578501
17.4 0.00192246 0.0178155
17.45 0.00297338 0.024071
17.5 0.00565549 0.0820005
17.55 0.0083483 0.0267351
17.6 0.00843747 -0.0222038
17.65 0.00986064 0.0771319
17.7 0.0152715 0.137962
17.75 0.0231831 0.177519
17.8 0.0316849 0.162631
17.85 0.0397076 0.158161
17.9 0.0466919 0.121753
17.95 0.050982 0.0511378
18 0.0541224 0.0739457
18.05 0.0579927 0.0806373
18.1 0.0600934 0.00483454
18.15 0.0626555 0.0957863
18.2 0.0689735 0.155591
18.25 0.0758997 0.121947
18.3 0.0831582 0.167314
18.35 0.0907109 0.135234
18.4 0.0960587 0.0796422
18.45 0.100066 0.0805197
18.5 0.105847 0.149221
18.55 0.111434 0.0755639
18.6 0.113258 -0.00111403
18.65 0.113522 0.0114186
18.7 0.114345 0.021275
18.75 0.11598 0.0436487
18.8 0.118648 0.0626047
18.85 0.122198 0.0789821
18.9 0.123489 -0.025315
18.95 0.122728 -0.00546994
19 0.121142 -0.0569079
19.05 0.11936 -0.0151808
19.1 0.119213 0.0088632
19.15 0.119687 0.0100457
19.2 0.120619 0.0268951
19.25 0.12286 0.0619686
19.3 0.124532 0.00598112
19.35 0.124018 -0.0259085
19.4 0.12198 -0.0549862
19.45 0.118125 -0.0982476
19.5 0.112037 -0.144197
19.55 0.103826 -0.183273
19.6 0.092368 -0.272984
19.65 0.0789111 -0.265104
19.7 0.0653475 -0.276861
19.75 0.050569 -0.313187
19.8 0.0341388 -0.343013
19.85 0.0165536 -0.359618
19.9 -0.00220981 -0.389842
19.95 -0.0179091 -0.240675
20 -0.0324142 -0.337253
20.05 -0.0486752 -0.313246
20.1 -0.0650572 -0.341067
20.15 -0.0822082 -0.344468
20.2 -0.0962803 -0.220505
20.25 -0.10805 -0.249419
20.3 -0.118229 -0.159275
20.35 -0.128093 -0.233534
20.4 -0.140801 -0.273697
20.45 -0.154702 -0.281806
20.5 -0.166967 -0.209925
20.55 -0.177162 -0.197848
20.6 -0.18653 -0.177016
20.65 -0.196139 -0.206549
20.7 -0.20472 -0.137809
20.75 -0.213313 -0.204386
20.8 -0.221638 -0.129868
20.85 -0.226423 -0.0627218
20.9 -0.230165 -0.0864036
20.95 -0.234642 -0.0924493
21 -0.239482 -0.100871
21.05 -0.243798 -0.0722224
21.1 -0.246867 -0.0508682
21.15 -0.248746 -0.0247827
21.2 -0.250177 -0.0322492
21.25 -0.250752 0.00845794
21.3 -0.25018 0.0142716
21.35 -0.249282 0.0214949
21.4 -0.247784 0.0380557
21.45 -0.245252 0.0626934
21.5 -0.243294 0.0164918
21.55 -0.242032 0.0335979
21.6 -0.238496 0.106313
21.65 -0.230332 0.217845
21.7 -0.221481 0.137532
21.75 -0.216289 0.0713297
21.8 -0.211942 0.101842
21.85 -0.206015 0.134455
21.9 -0.200068 0.10386
21.95 -0.194995 0.0990532
22 -0.191441 0.0440657
22.05 -0.188368 0.0781281
22.1 -0.183832 0.102724
22.15 -0.178423 0.113278
22.2 -0.170354 0.207395
22.25 -0.162506 0.108315
22.3 -0.156865 0.117002
22.35 -0.149962 0.158119
22.4 -0.142419 0.143711
22.45 -0.137332 0.0612367
22.5 -0.136165 -0.0130923
22.55 -0.135645 0.0329576
22.6 -0.135826 -0.038771
22.65 -0.136124 0.0255676
22.7 -0.134375 0.0440158
22.75 -0.13034 0.115836
22.8 -0.124066 0.134586
22.85 -0.11805 0.106481
22.9 -0.111953 0.136644
22.95 -0.105306 0.129227
23 -0.100242 0.0742641
23.05 -0.0954869 0.11502
23.1 -0.0911447 0.0596526
23.15 -0.0887512 0.0364852
23.2 -0.0853727 0.0973635
23.25 -0.0807435 0.0878737
23.3 -0.0754495 0.123056
23.35 -0.0693188 0.122034
23.4 -0.0629569 0.132081
23.45 -0.0563295 0.132833
23.5 -0.0507283 0.0918814
23.55 -0.0463626 0.0828134
23.6 -0.0449119 -0.0227351
23.65 -0.0454354 0.00132964
23.7 -0.043695 0.066948
23.75 -0.04095 0.0432512
23.8 -0.0401571 -0.0104958
23.85 -0.0407764 -0.0141892
23.9 -0.0412595 -0.00529741
23.95 -0.0418281 -0.0171974
24 -0.0431393 -0.0348683
24.05 -0.0434715 0.0204961
24.1 -0.0440958 -0.0441755
24.15 -0.0471497 -0.0772483
24.2 -0.0517001 -0.10412
24.25 -0.0574092 -0.123714
24.3 -0.063339 -0.113527
24.35 -0.0680245 -0.0745429
24.4 -0.0709767 -0.0440708
24.45 -0.0720785 -0.000829668
24.5 -0.071381 0.0281386
24.55 -0.0697657 0.0362722
24.6 -0.0679935 0.0346041
24.65 -0.0652503 0.0742701
24.7 -0.0623335 0.0429473
24.75 -0.0615458 -0.0104036
24.8 -0.0615016 0.0117296
24.85 -0.0616136 -0.0156623
24.9 -0.0628988 -0.0353261
24.95 -0.06465 -0.0346877
25 -0.0665607 -0.0415589
25.05 -0.0664708 0.0434724
25.1 -0.0638404 0.061325
25.15 -0.0594981 0.111269
25.2 -0.0536797 0.121124
25.25 -0.0465833 0.161748
25.3 -0.0385291 0.160246
25.35 -0.0305744 0.157786
25.4 -0.0248348 0.0733214
25.45 -0.0215596 0.057909
25.5 -0.0180948 0.0801527
25.55 -0.0130872 0.119252
25.6 -0.00792777 0.0876184
25.65 -0.00213215 0.142965
25.7 0.00510031 0.146088
25.75 0.0134606 0.187298
25.8 0.0244388 0.250305
25.85 0.0377459 0.28103
25.9 0.0522156 0.297075
25.95 0.0653054 0.227557
26 0.0758028 0.192757
26.05 0.0856749 0.201699
26.1 0.0955614 0.193669
26.15 0.103116 0.109967
26.2 0.109837 0.157772
26.25 0.117257 0.139208
26.3 0.122338 0.0653361
26.35 0.124037 0.00382953
26.4 0.124179 0.00185353
26.45 0.124486 0.010266
26.5 0.125237 0.0195708
26.55 0.127074 0.0531979
26.6 0.130267 0.0740468
26.65 0.132676 0.0232461
26.7 0.138591 0.20952
26.75 0.147889 0.163059
26.8 0.156687 0.188178
26.85 0.164459 0.123774
26.9 0.171361 0.151578
26.95 0.179204 0.161745
27 0.186967 0.148827
27.05 0.192123 0.0590506
27.1 0.193632 0.00238679
27.15 0.193422 -0.0105228
27.2 0.192398 -0.0300348
27.25 0.192876 0.0475952
27.3 0.193137 -0.0355101
27.35 0.191472 -0.0311136
27.4 0.189345 -0.0534788
27.45 0.185322 -0.106304
27.5 0.179682 -0.118905
27.55 0.172807 -0.155211
27.6 0.161711 -0.285767
27.65 0.148883 -0.228137
27.7 0.13544 -0.307688
27.75 0.121948 -0.233109
27.8 0.109081 -0.280326
27.85 0.0962416 -0.233835
27.9 0.0842146 -0.246684
27.95 0.0730301 -0.201307
28 0.0654115 -0.105142
28.05 0.0600108 -0.110639
28.1 0.0544048 -0.113401
28.15 0.0468181 -0.18839
28.2 0.0383528 -0.150752
28.25 0.0311767 -0.136392
28.3 0.02421 -0.141987
28.35 0.0194534 -0.0499742
28.4 0.0150069 -0.126267
28.45 0.0078149 -0.160552
28.5 0.00241287 -0.0574289
28.55 0.000517404 -0.0190988
28.6 -0.00160792 -0.0649539
28.65 -0.00631538 -0.122096
28.7 -0.0108749 -0.0613676
28.75 -0.0154002 -0.118404
28.8 -0.0215805 -0.128452
28.85 -0.0289185 -0.164172
28.9 -0.0349205 -0.0774679
28.95 -0.0386409 -0.0713739
29 -0.0417401 -0.0528833
29.05 -0.0429385 0.00385854
29.1 -0.0443917 -0.0606732
29.15 -0.0480642 -0.0856425
29.2 -0.0536447 -0.136429
29.25 -0.0597142 -0.106783
29.3 -0.063639 -0.051207
29.35 -0.0657774 -0.034602
29.4 -0.0661544 0.0184799
29.45 -0.0674113 -0.0670323
29.5 -0.0704047 -0.0529062
29.55 -0.0715409 0.00631521
29.6 -0.069161 0.087223
29.65 -0.0648965 0.0833246
29.7 -0.0612611 0.0624125
29.75 -0.0576858 0.0801574
29.8 -0.0561654 -0.0174525
29.85 -0.0553015 0.050641
29.9 -0.0525938 0.0574622
29.95 -0.0484635 0.106675
30 -0.0423085 0.138733
30.05 -0.0352495 0.143356
30.1 -0.0286714 0.120058
30.15 -0.0228761 0.111772
30.2 -0.0164717 0.143612
30.25 -0.00829348 0.182539
30.3 -0.00069749 0.122297
30.35 0.00438897 0.0818315
30.4 0.0050529 -0.0526346
30.45 0.00316758 -0.0233094
30.5 0.00206688 -0.0207411
30.55 -0.00157051 -0.122648
30.6 -0.00467042 -0.0036207
30.65 -0.00555507 -0.031198
30.7 -0.00768559 -0.0535272
30.75 -0.011264 -0.0888192
30.8 -0.0172582 -0.149597
30.85 -0.0240307 -0.121683
30.9 -0.0286761 -0.0651307
30.95 -0.0321722 -0.0744408
31 -0.0360104 -0.0788985
31.05 -0.0404103 -0.0966378
31.1 -0.0461885 -0.13361
31.15 -0.0502796 -0.0319382
31.2 -0.0514672 -0.0158547
31.25 -0.0513184 0.021075
31.3 -0.0519713 -0.0458515
31.35 -0.0555779 -0.0973069
31.4 -0.0582114 -0.00969558
31.45 -0.0570016 0.0567439
31.5 -0.0527359 0.11267
31.55 -0.0476333 0.0917158
31.6 -0.0428405 0.0997198
31.65 -0.0384868 0.0748068
31.7 -0.03648 0.00675987
31.75 -0.0349998 0.0515262
31.8 -0.0308198 0.114326
31.85 -0.0253105 0.10607
31.9 -0.0185125 0.164519
31.95 -0.00875446 0.224373
32 0.000367171 0.14189
32.05 0.0092044 0.210028
32.1 0.0192641 0.192451
32.15 0.0270031 0.118376
32.2 0.0335175 0.141575
32.25 0.0410253 0.158217
32.3 0.0479025 0.117498
32.35 0.0521297 0.0527627
32.4 0.0553503 0.0755286
32.45 0.0605885 0.132738
32.5 0.0703106 0.25351
32.55 0.0837245 0.282139
32.6 0.0980352 0.289776
32.65 0.110496 0.209897
32.7 0.121119 0.214659
32.75 0.129456 0.120468
32.8 0.137751 0.209378
32.85 0.14923 0.248704
32.9 0.161903 0.257724
32.95 0.175322 0.278306
33 0.189769 0.298793
33.05 0.202931 0.22873
33.1 0.212143 0.14124
33.15 0.217544 0.0759568
33.2 0.218941 -0.0182511
33.25 0.215005 -0.136762
33.3 0.207342 -0.168907
33.35 0.196392 -0.266874
33.4 0.183171 -0.261725
33.45 0.169345 -0.290415
33.5 0.153246 -0.351912
33.55 0.13401 -0.415764
33.6 0.112734 -0.434375
33.65 0.090841 -0.44067
33.7 0.0698648 -0.398673
33.75 0.0478687 -0.479024
33.8 0.0250025 -0.435891
33.85 0.000133717 -0.555857
33.9 -0.0287216 -0.596812
33.95 -0.055611 -0.480377
34 -0.0811776 -0.54045
34.05 -0.106628 -0.478127
34.1 -0.131539 -0.51692
34.15 -0.158816 -0.572372
34.2 -0.188094 -0.597515
34.25 -0.215922 -0.516477
34.3 -0.241056 -0.488793
34.35 -0.264686 -0.456454
34.4 -0.287436 -0.45302
34.45 -0.307895 -0.366548
34.5 -0.326782 -0.388013
34.55 -0.345124 -0.346047
34.6 -0.359824 -0.243599
34.65 -0.374576 -0.34412
34.7 -0.391465 -0.331247
34.75 -0.407896 -0.325707
34.8 -0.422788 -0.270685
34.85 -0.434744 -0.208444
34.9 -0.44389 -0.158174
34.95 -0.45194 -0.163509
35 -0.457546 -0.0625871
35.05 -0.460534 -0.056984
35.1 -0.463225 -0.0507022
35.15 -0.464969 -0.019613
35.2 -0.464954 0.0194483
35.25 -0.463979 0.0195155
35.3 -0.462339 0.0455317
35.35 -0.457463 0.14736
35.4 -0.447028 0.267389
35.45 -0.43656 0.153339
35.5 -0.429642 0.12379
35.55 -0.421924 0.183543
35.6 -0.412141 0.207055
35.65 -0.401787 0.20687
35.7 -0.391441 0.206695
35.75 -0.382577 0.148805
35.8 -0.373538 0.21129
35.85 -0.362001 0.249135
35.9 -0.349123 0.26535
35.95 -0.334356 0.323765
36 -0.319081 0.287577
36.05 -0.30442 0.298279
36.1 -0.287118 0.391513
36.15 -0.267902 0.376917
36.2 -0.250268 0.328948
36.25 -0.234638 0.296517
36.3 -0.218616 0.343038
36.35 -0.203898 0.247199
36.4 -0.190333 0.294115
36.45 -0.174665 0.331478
36.5 -0.156507 0.393134
36.55 -0.136743 0.396858
36.6 -0.117711 0.36456
36.65 -0.0993206 0.370488
36.7 -0.081659 0.336203
36.75 -0.0661508 0.284743
36.8 -0.0499163 0.362683
36.85 -0.0344472 0.25776
36.9 -0.0233393 0.187658
36.95 -0.0133526 0.211091
37 -0.003292 0.191466
37.05 0.00665636 0.205929
37.1 0.0167509 0.197759
37.15 0.027306 0.223665
37.2 0.0383778 0.219015
37.25 0.0473402 0.140798
37.3 0.0539576 0.124059
37.35 0.0587179 0.0673529
37.4 0.062523 0.0844194
37.45 0.0685328 0.154435
37.5 0.0755129 0.125171
37.55 0.0807939 0.0866922
37.6 0.0848036 0.0738504
37.65 0.0886431 0.0795176
37.7 0.092238 0.0644847
37.75 0.0945055 0.0269013
37.8 0.0966051 0.0564429
37.85 0.0987821 0.0310831
37.9 0.0997775 0.00914306
37.95 0.0997022 -0.0117421
38 0.0975281 -0.0739372
38.05 0.0938072 -0.0747878
38.1 0.0914459 -0.0206731
38.15 0.091331 0.0153694
38.2 0.0938681 0.0846789
38.25 0.0998984 0.15499
38.3 0.107453 0.147159
38.35 0.114228 0.124113
38.4 0.121343 0.15962
38.45 0.128192 0.115051
38.5 0.132338 0.0519309
38.55 0.135998 0.0935504
38.6 0.140001 0.0669767
38.65 0.142603 0.0376278
38.7 0.14322 -0.0119704
38.75 0.141628 -0.0509052
38.8 0.139556 -0.0322905
38.85 0.138598 -0.00651388
38.9 0.138864 0.016687
38.95 0.140117 0.0330528
39 0.144261 0.130682
39.05 0.150538 0.120447
39.1 0.156361 0.112489
39.15 0.160448 0.0520878
39.2 0.16173 0.000182449
39.25 0.163357 0.0635928
39.3 0.166653 0.0680701
39.35 0.168668 0.0135377
39.4 0.170255 0.0492011
39.45 0.172827 0.053525
39.5 0.176686 0.0998346
39.55 0.182701 0.139843
39.6 0.19073 0.180291
39.65 0.199833 0.183548
39.7 0.207169 0.111121
39.75 0.211642 0.0685434
39.8 0.21579 0.0966931
39.85 0.220339 0.0854
39.9 0.223831 0.0547722
39.95 0.227085 0.074926
40 0.230365 0.0565514
40.05 0.231844 0.00359662
40.1 0.229242 -0.105465
40.15 0.223922 -0.107149
40.2 0.218992 -0.0902721
40.25 0.215009 -0.0693267
40.3 0.212091 -0.0477748
40.35 0.209786 -0.0444211
40.4 0.207035 -0.0651335
40.45 0.204572 -0.0339468
40.5 0.202132 -0.0630028
40.55 0.200111 -0.0186676
40.6 0.197482 -0.0851361
40.65 0.194151 -0.0487045
40.7 0.192413 -0.0213391
40.75 0.191283 -0.0237828
40.8 0.187657 -0.119267
40.85 0.180827 -0.1531
40.9 0.172973 -0.160722
40.95 0.164784 -0.166511
41 0.157078 -0.142018
41.05 0.149109 -0.175867
41.1 0.140555 -0.166242
41.15 0.13161 -0.190848
41.2 0.121417 -0.21613
41.25 0.110346 -0.226235
41.3 0.0987852 -0.235695
41.35 0.0859784 -0.275466
41.4 0.0733705 -0.229439
41.45 0.0618166 -0.232367
41.5 0.0510574 -0.198396
41.55 0.038276 -0.310323
41.6 0.0234698 -0.282103
41.65 0.00823311 -0.326108
41.7 -0.00684549 -0.27761
41.75 -0.0193609 -0.223752
41.8 -0.0303939 -0.217413
41.85 -0.0413563 -0.220738
41.9 -0.0541952 -0.291099
41.95 -0.0680684 -0.264009
42 -0.0808373 -0.246762
42.05 -0.0933825 -0.25457
42.1 -0.104989 -0.210277
42.15 -0.116474 -0.248071
42.2 -0.128992 -0.252253
42.25 -0.13993 -0.186305
42.3 -0.148363 -0.151482
42.35 -0.156679 -0.180365
42.4 -0.166322 -0.204646
42.45 -0.175012 -0.143908
42.5 -0.182988 -0.174326
42.55 -0.191806 -0.178089
42.6 -0.20082 -0.182171
42.65 -0.207532 -0.087995
42.7 -0.211555 -0.0731115
42.75 -0.213776 -0.0167938
42.8 -0.212035 0.0843811
42.85 -0.208834 0.0443687
42.9 -0.206799 0.0371311
42.95 -0.205716 0.00677198
43 -0.204726 0.0322953
43.05 -0.201639 0.0899713
43.1 -0.196554 0.112827
43.15 -0.190078 0.14541
43.2 -0.187371 -0.0336483
43.25 -0.188153 0.00168986
43.3 -0.187443 0.0261943
43.35 -0.184757 0.0801246
43.4 -0.182053 0.0289455
43.45 -0.180889 0.0178059
43.5 -0.179621 0.0325994
43.55 -0.17973 -0.0356035
43.6 -0.18001 0.0232544
43.65 -0.178111 0.0521003
43.7 -0.172268 0.178956
43.75 -0.161926 0.233388
43.8 -0.150068 0.240488
43.85 -0.138885 0.207183
43.9 -0.128598 0.204087
43.95 -0.117224 0.249683
44 -0.104209 0.270177
44.05 -0.0915484 0.236604
44.1 -0.0811324 0.180874
44.15 -0.0736212 0.120573
44.2 -0.0664253 0.166175
44.25 -0.0565219 0.228479
44.3 -0.0466272 0.168247
44.35 -0.0371423 0.210082
44.4 -0.0269612 0.197154
44.45 -0.0180371 0.16031
44.5 -0.0125024 0.0628647
44.55 -0.0115515 -0.0231557
44.6 -0.0125289 -0.0160533
44.65 -0.0117975 0.0441019
44.7 -0.00980201 0.0358292
44.75 -0.00886358 0.00234572
44.8 -0.00942303 -0.0241852
44.85 -0.0126119 -0.101755
44.9 -0.0152895 -0.00715087
44.95 -0.015546 -0.00318002
45 -0.0140133 0.0631369
45.05 -0.0138111 -0.0527612
45.1 -0.0172103 -0.0825346
45.15 -0.0196645 -0.0168685
45.2 -0.0186175 0.0572576
45.25 -0.0146309 0.101236
45.3 -0.00977738 0.0929462
45.35 -0.0044593 0.119124
45.4 -0.000353383 0.0464439
45.45 0.000440644 -0.0135183
45.5 0.00010409 -0.000198423
45.55 0.0015188 0.0556474
45.6 0.00217205 -0.0278836
45.65 0.00178656 0.0116921
45.7 0.00372075 0.0645812
45.75 0.00639452 0.0427331
45.8 0.0104909 0.119499
45.85 0.0161121 0.105482
45.9 0.0192682 0.0223262
45.95 0.020971 0.0452883
46 0.0234112 0.0521217
46.05 0.0239822 -0.0277161
46.1 0.0204191 -0.113033
46.15 0.0149109 -0.10727
46.2 0.0102251 -0.0805669
46.25 0.00713341 -0.0437511
46.3 0.00767269 0.0631958
46.35 0.0113107 0.0818613
46.4 0.0150153 0.0665317
46.45 0.0184958 0.0724843
46.5 0.0207437 0.0184406
46.55 0.0238511 0.104086
46.6 0.0293831 0.1168
46.65 0.0359073 0.143475
46.7 0.0435604 0.162084
46.75 0.0525097 0.195011
46.8 0.0608732 0.140394
46.85 0.0660596 0.0683544
46.9 0.067796 0.00236162
46.95 0.0669176 -0.0367035
47 0.0649682 -0.0411357
47.05 0.0607192 -0.127021
47.1 0.0514799 -0.240079
47.15 0.0397519 -0.228964
47.2 0.0281193 -0.235903
47.25 0.0155013 -0.267863
47.3 0.000841954 -0.317165
47.35 -0.0150603 -0.318494
47.4 -0.0324422 -0.375219
47.45 -0.0490736 -0.291271
47.5 -0.0640778 -0.308179
47.55 -0.0787713 -0.279748
47.6 -0.0937711 -0.319084
47.65 -0.11136 -0.382748
47.7 -0.125932 -0.203337
47.75 -0.136938 -0.235963
47.8 -0.147094 -0.171279
47.85 -0.157205 -0.231728
47.9 -0.170093 -0.282465
47.95 -0.185124 -0.317705
48 -0.198992 -0.238221
48.05 -0.210695 -0.229774
48.1 -0.221641 -0.208221
48.15 -0.232152 -0.211863
48.2 -0.240788 -0.134866
48.25 -0.249166 -0.198791
48.3 -0.257255 -0.126005
48.35 -0.262973 -0.103026
48.4 -0.269827 -0.169639
48.45 -0.278289 -0.168623
48.5 -0.288328 -0.231457
48.55 -0.298546 -0.178062
48.6 -0.306581 -0.143806
48.65 -0.312495 -0.093587
48.7 -0.319533 -0.185941
48.75 -0.32767 -0.140219
48.8 -0.334386 -0.128504
48.85 -0.340666 -0.12264
48.9 -0.346003 -0.0913358
48.95 -0.34848 -0.00928279
49 -0.351004 -0.0900117
49.05 -0.354809 -0.0626458
49.1 -0.3555 0.0331373
49.15 -0.351672 0.118204
49.2 -0.347836 0.0367412
49.25 -0.347591 -0.0256922
49.3 -0.345954 0.0888552
49.35 -0.34068 0.121332
49.4 -0.335403 0.0901992
49.45 -0.331058 0.0836264
49.5 -0.328227 0.0305913
49.55 -0.325016 0.0964715
49.6 -0.317967 0.183587
49.65 -0.308128 0.209233
49.7 -0.294786 0.321872
49.75 -0.281122 0.226238
49.8 -0.269567 0.235474
49.85 -0.255321 0.332097
49.9 -0.239683 0.29376
49.95 -0.226894 0.21898
50 -0.217053 0.175247
50.05 -0.20608 0.261721
50.1 -0.195366 0.168377
50.15 -0.186372 0.190716
50.2 -0.176575 0.200709
50.25 -0.165047 0.258976
50.3 -0.151244 0.292146
50.35 -0.138602 0.21476
50.4 -0.126722 0.259249
50.45 -0.114389 0.234253
50.5 -0.104831 0.149484
50.55 -0.096302 0.190649
50.6 -0.088572 0.119754
50.65 -0.0849128 0.0283268
50.7 -0.0817796 0.0955914
50.75 -0.0772632 0.085157
50.8 -0.0725304 0.103666
50.85 -0.0673579 0.103115
50.9 -0.0616799 0.123459
50.95 -0.0553975 0.127594
51 -0.0501523 0.0829629
51.05 -0.0460653 0.0804606
51.1 -0.043819 0.0107121
51.15 -0.0412556 0.09019
51.2 -0.0349662 0.159848
51.25 -0.0276631 0.132626
51.3 -0.0224211 0.0779997
51.35 -0.0192176 0.0506027
51.4 -0.0161516 0.0715453
51.45 -0.0129347 0.0573299
51.5 -0.0121748 -0.0253218
51.55 -0.0105617 0.0875743
51.6 -0.00820847 0.00806567
51.65 -0.00829429 -0.0111174
51.7 -0.00926846 -0.0275005
51.75 -0.0111849 -0.0486905
51.8 -0.0135401 -0.0455207
51.85 -0.0139039 0.0294982
51.9 -0.0114342 0.0684554
51.95 -0.00519648 0.178717
52 0.00481767 0.220763
52.05 0.0157921 0.217988
52.1 0.0263362 0.20379
52.15 0.0366897 0.209963
52.2 0.0460259 0.164152
52.25 0.0525008 0.0960251
52.3 0.0595484 0.183962
52.35 0.0678644 0.149153
52.4 0.0743311 0.110121
52.45 0.0790277 0.0782537
52.5 0.0824339 0.0583016
52.55 0.0859739 0.0827281
52.6 0.0918117 0.149319
52.65 0.0996469 0.163607
52.7 0.107873 0.165178
52.75 0.11691 0.195484
52.8 0.126408 0.184415
52.85 0.135418 0.175921
52.9 0.142841 0.121874
52.95 0.1453 -0.020765
53 0.145907 0.0437533
53.05 0.148137 0.045393
53.1 0.149288 0.00147815
53.15 0.149764 0.0172153
53.2 0.151645 0.0572011
53.25 0.155366 0.0908803
53.3 0.162609 0.19656
53.35 0.174387 0.272776
53.4 0.18877 0.301604
53.45 0.202588 0.251715
53.5 0.213809 0.197921
53.55 0.223908 0.205612
53.6 0.233856 0.192316
53.65 0.241735 0.123995
53.7 0.249129 0.170667
53.75 0.256991 0.144135
53.8 0.262614 0.0818745
53.85 0.265129 0.0198969
53.9 0.265919 0.0118187
53.95 0.266889 0.026661
54 0.268469 0.036324
54.05 0.270324 0.0378125
54.1 0.272105 0.0334735
54.15 0.272773 -0.00600268
54.2 0.27266 0.00133122
54.25 0.271608 -0.0425218
54.3 0.270082 -0.0189514
54.35 0.268408 -0.0473834
54.4 0.266217 -0.040361
54.45 0.264337 -0.034888
54.5 0.26264 -0.0329998
54.55 0.259815 -0.078992
54.6 0.254282 -0.140964
54.65 0.246849 -0.155872
54.7 0.238712 -0.169135
54.75 0.232158 -0.094333
54.8 0.226776 -0.120309
54.85 0.221416 -0.0944709
54.9 0.215748 -0.131377
54.95 0.208349 -0.163735
55 0.199752 -0.179634
55.05 0.189796 -0.21761
55.1 0.178284 -0.242064
55.15 0.167046 -0.207841
55.2 0.154322 -0.299019
55.25 0.141471 -0.216328
55.3 0.129815 -0.248966
55.35 0.11831 -0.211669
55.4 0.106956 -0.241631
55.45 0.0968806 -0.162672
55.5 0.0914506 -0.0564869
55.55 0.0884967 -0.0614968
55.6 0.0846749 -0.0906992
55.65 0.0788687 -0.14042
55.7 0.0728807 -0.0997498
55.75 0.0681519 -0.0894855
55.8 0.0634804 -0.0971039
55.85 0.0598354 -0.0495454
55.9 0.0563351 -0.0895832
55.95 0.0510287 -0.121899
56 0.0465076 -0.0600555
56.05 0.0438923 -0.0447909
56.1 0.0402304 -0.100491
56.15 0.0345752 -0.125087
56.2 0.0295386 -0.0771945
56.25 0.0242933 -0.131413
56.3 0.0168049 -0.167223
56.35 0.00820074 -0.176542
56.4 -8.3598e-06 -0.152096
56.45 -0.0074439 -0.145271
56.5 -0.0138728 -0.112371
56.55 -0.0179146 -0.0504224
56.6 -0.0225748 -0.13421
56.65 -0.0296192 -0.147131
56.7 -0.0383966 -0.202645
56.75 -0.047568 -0.164724
56.8 -0.0546784 -0.120386
56.85 -0.0603376 -0.106121
56.9 -0.0652549 -0.0907481
56.95 -0.0705499 -0.120334
57 -0.0759443 -0.0957906
57.05 -0.0800235 -0.0678249
57.1 -0.0818808 -0.00761046
57.15 -0.0836691 -0.0627856
57.2 -0.0873222 -0.0828483
57.25 -0.0908409 -0.0582957
57.3 -0.0958376 -0.139833
57.35 -0.101755 -0.0975556
57.4 -0.105611 -0.0573864
57.45 -0.107173 -0.00604722
57.5 -0.106927 0.0154665
57.55 -0.105937 0.0239073
57.6 -0.105257 0.00368891
57.65 -0.105011 0.00608612
57.7 -0.103877 0.038607
57.75 -0.10081 0.083123
57.8 -0.0969003 0.0733603
57.85 -0.0936321 0.0575981
57.9 -0.0917449 0.0186112
57.95 -0.0905919 0.027309
58 -0.0884671 0.0570403
58.05 -0.0887404 -0.0655423
58.1 -0.0913287 -0.0384606
58.15 -0.0935909 -0.0517088
58.2 -0.0967035 -0.0723076
58.25 -0.101207 -0.10705
58.3 -0.107526 -0.144787
58.35 -0.114034 -0.115925
58.4 -0.117983 -0.0433824
58.45 -0.120032 -0.0386151
58.5 -0.122039 -0.0415349
58.55 -0.125477 -0.0948582
58.6 -0.130646 -0.111452
58.65 -0.134419 -0.040779
58.7 -0.136211 -0.0310316
58.75 -0.136711 0.0102301
58.8 -0.137684 -0.0479749
58.85 -0.140617 -0.0688498
58.9 -0.142786 -0.0188467
58.95 -0.142054 0.0468011
59 -0.138719 0.0857363
59.05 -0.134504 0.0828345
59.1 -0.129906 0.100591
59.15 -0.126515 0.0362614
59.2 -0.12595 -0.0127155
59.25 -0.125392 0.034094
59.3 -0.121125 0.134507
59.35 -0.115847 0.0776038
59.4 -0.111378 0.10056
59.45 -0.105372 0.138766
59.5 -0.0987966 0.124387
59.55 -0.0905419 0.204015
59.6 -0.0807539 0.187581
59.65 -0.0725927 0.139605
59.7 -0.0643489 0.18896
59.75 -0.0542536 0.2141
59.8 -0.0442542 0.186174
59.85 -0.0363592 0.130521
59.9 -0.029071 0.160236
59.95 -0.0206461 0.176232
60 -0.0116503 0.183231
60.05 -0.000561126 0.258565
60.1 0.0125236 0.264376
60.15 0.024467 0.214049
60.2 0.0355124 0.227226
60.25 0.0445969 0.137689
60.3 0.0536389 0.222096
60.35 0.0651971 0.239591
60.4 0.0771192 0.237038
60.45 0.0895385 0.258985
60.5 0.102717 0.267663
60.55 0.115118 0.228798
60.6 0.123882 0.12362
60.65 0.129119 0.0864529
60.7 0.13164 0.0157456
60.75 0.129762 -0.0887738
60.8 0.124122 -0.135727
60.85 0.116121 -0.183176
60.9 0.107023 -0.180579
60.95 0.0975807 -0.19655
61 0.0853429 -0.290786
61.05 0.0690258 -0.360114
61.1 0.051198 -0.352691
61.15 0.0317574 -0.423045
61.2 0.0118958 -0.371926
61.25 -0.0091948 -0.469236
61.3 -0.0317885 -0.434621
61.35 -0.0556086 -0.515967
61.4 -0.0828009 -0.569967
61.45 -0.109664 -0.50516
61.5 -0.136604 -0.570463
61.55 -0.162332 -0.460179
61.6 -0.185788 -0.47712
61.65 -0.210249 -0.500222
61.7 -0.236106 -0.532767
61.75 -0.260714 -0.452519
61.8 -0.282634 -0.42427
61.85 -0.302915 -0.387182
61.9 -0.323241 -0.4246
61.95 -0.342378 -0.342044
62 -0.359323 -0.335445
62.05 -0.374126 -0.257827
62.1 -0.384165 -0.145717
62.15 -0.392163 -0.173449
62.2 -0.400568 -0.162752
62.25 -0.408591 -0.158034
62.3 -0.41501 -0.0997284
62.35 -0.41906 -0.0628781
62.4 -0.420721 -0.0046875
62.45 -0.422832 -0.0782182
62.5 -0.425904 -0.0452352
62.55 -0.428193 -0.0462688
62.6 -0.430518 -0.0466692
62.65 -0.432247 -0.022916
62.7 -0.432255 0.0217096
62.75 -0.431312 0.0161131
62.8 -0.429568 0.052864
62.85 -0.424636 0.142548
62.9 -0.416801 0.170072
62.95 -0.409151 0.136425
63 -0.40321 0.101748
63.05 -0.395572 0.201611
63.1 -0.385036 0.21918
63.15 -0.375178 0.17578
63.2 -0.366427 0.174042
63.25 -0.359175 0.116988
63.3 -0.351813 0.176148
63.35 -0.340964 0.255949
63.4 -0.327452 0.283642
63.45 -0.311946 0.335169
63.5 -0.295193 0.334538
63.55 -0.278066 0.349807
63.6 -0.257692 0.462433
63.65 -0.235652 0.419424
63.7 -0.215702 0.378896
63.75 -0.197591 0.345725
63.8 -0.178624 0.411189
63.85 -0.159411 0.35789
63.9 -0.139759 0.426313
63.95 -0.118182 0.436044
64 -0.096176 0.443489
64.05 -0.0738791 0.447733
64.1 -0.052592 0.404071
64.15 -0.0312127 0.449654
64.2 -0.0100622 0.396869
64.25 0.00821679 0.335048
64.3 0.0260486 0.376942
64.35 0.0424471 0.280485
64.4 0.0542383 0.192599
64.45 0.0652154 0.245166
64.5 0.0768211 0.219279
64.55 0.0888086 0.259126
64.6 0.101401 0.244519
64.65 0.113698 0.24703
64.7 0.125825 0.237911
64.75 0.135625 0.155469
64.8 0.142864 0.134321
64.85 0.149138 0.116816
64.9 0.155972 0.15561
64.95 0.165189 0.211732
65 0.173592 0.125863
65.05 0.177776 0.0430238
65.1 0.179399 0.0222745
65.15 0.181071 0.0441251
65.2 0.181978 -0.00685034
65.25 0.18077 -0.0407835
65.3 0.180014 0.00959298
65.35 0.17861 -0.064288
65.4 0.174488 -0.0997538
65.45 0.167638 -0.172632
65.5 0.156371 -0.275748
65.55 0.14269 -0.271211
65.6 0.130955 -0.19933
65.65 0.121695 -0.171395
65.7 0.115297 -0.0860188
65.75 0.113118 -0.0027313
65.8 0.113203 0.00594335
65.85 0.113134 -0.00842703
65.9 0.114012 0.0425246
65.95 0.114427 -0.0246078
66 0.11163 -0.0860063
66.05 0.109746 0.00881899
66.1 0.108373 -0.0622784
66.15 0.103638 -0.125747
66.2 0.0961117 -0.174158
66.25 0.0866478 -0.203576
66.3 0.0771057 -0.178363
66.35 0.0702146 -0.0986794
66.4 0.0671388 -0.0257172
66.45 0.0663376 -0.00668661
66.5 0.0675072 0.0522757
66.55 0.0700997 0.0513791
66.6 0.0726616 0.0510361
66.65 0.0746426 0.0285992
66.7 0.0752347 -0.00428328
66.75 0.0764986 0.0536637
66.8 0.0798335 0.0791435
66.85 0.0807866 -0.0387161
66.9 0.0806231 0.0308083
66.95 0.0830823 0.0667849
67 0.0883916 0.143928
67.05 0.0967898 0.190858
67.1 0.107742 0.245883
67.15 0.121486 0.302383
67.2 0.134591 0.223045
67.25 0.144578 0.177086
67.3 0.153624 0.184407
67.35 0.162496 0.170511
67.4 0.169883 0.125667
67.45 0.177554 0.179908
67.5 0.186029 0.159291
67.55 0.193396 0.135673
67.6 0.198165 0.0565077
67.65 0.201186 0.0641274
67.7 0.204751 0.0780951
67.75 0.209016 0.0921276
67.8 0.21397 0.105606
67.85 0.220132 0.140041
67.9 0.22563 0.0809244
67.95 0.230159 0.0997537
68 0.232695 0.0035182
68.05 0.235407 0.102929
68.1 0.238458 0.0206646
68.15 0.239739 0.0303395
68.2 0.241401 0.035993
68.25 0.242998 0.0279972
68.3 0.243455 -0.00901132
68.35 0.240967 -0.0888583
68.4 0.236105 -0.105177
68.45 0.230368 -0.123786
68.5 0.225286 -0.0802192
68.55 0.220173 -0.123318
68.6 0.214174 -0.116621
68.65 0.207932 -0.132573
68.7 0.200413 -0.167327
68.75 0.191607 -0.184353
68.8 0.180634 -0.252946
68.85 0.167087 -0.287887
68.9 0.154041 -0.234671
68.95 0.141001 -0.285603
69 0.127624 -0.249808
69.05 0.114071 -0.29116
69.1 0.101691 -0.205428
69.15 0.0908006 -0.229431
69.2 0.0804858 -0.183801
69.25 0.0724422 -0.138628
69.3 0.065472 -0.139975
69.35 0.057692 -0.170426
69.4 0.0482187 -0.207534
69.45 0.0410786 -0.0803976
69.5 0.0373359 -0.0694326
69.55 0.0337457 -0.0739935
69.6 0.0310298 -0.0353366
69.65 0.0287411 -0.0557515
69.7 0.0232002 -0.163611
69.75 0.0163101 -0.112823
69.8 0.011617 -0.0755149
69.85 0.00553894 -0.165673
69.9 -0.00424256 -0.224181
69.95 -0.014637 -0.191969
70 -0.0257448 -0.250893
70.05 -0.0386521 -0.264796
70.1 -0.0523096 -0.28084
70.15 -0.0646516 -0.213848
70.2 -0.0750167 -0.200749
70.25 -0.0835627 -0.142033
70.3 -0.088807 -0.0690479
70.35 -0.0931177 -0.102607
70.4 -0.0985662 -0.114951
70.45 -0.106011 -0.181328
70.5 -0.11416 -0.145134
70.55 -0.120632 -0.114221
70.6 -0.125927 -0.0977571
70.65 -0.13014 -0.0711661
70.7 -0.133956 -0.0811821
70.75 -0.137149 -0.0471399
70.8 -0.138934 -0.0246578
70.85 -0.139589 -0.00196367
70.9 -0.14016 -0.0205046
70.95 -0.141319 -0.0257229
71 -0.141456 0.0193681
71.05 -0.141222 -0.00944568
71.1 -0.140059 0.0546755
71.15 -0.135893 0.110716
71.2 -0.128107 0.198788
71.25 -0.116947 0.246419
71.3 -0.104669 0.244391
71.35 -0.0946011 0.159758
71.4 -0.0867361 0.154739
71.45 -0.0783263 0.180922
71.5 -0.0683651 0.216567
71.55 -0.0584447 0.180707
71.6 -0.0497581 0.166809
71.65 -0.0424148 0.127511
71.7 -0.0347725 0.177008
71.75 -0.0241488 0.246301
71.8 -0.0129825 0.200965
71.85 -0.00213819 0.231918
71.9 0.00893187 0.211015
71.95 0.0178102 0.145193
72 0.0222333 0.0338168
72.05 0.0229403 -0.00479128
72.1 0.0235863 0.0299285
72.15 0.0259851 0.0652667
72.2 0.028934 0.0528555
72.25 0.0306861 0.0178778
72.3 0.0309588 -0.00649482
72.35 0.0295247 -0.0499767
72.4 0.0281979 -0.00396752
72.45 0.0280325 -0.00267192
72.5 0.0288887 0.0361316
72.55 0.029406 -0.0144541
72.6 0.0276735 -0.0540186
72.65 0.0256915 -0.0257701
72.7 0.0258806 0.0321842
72.75 0.0285028 0.0718541
72.8 0.0316671 0.0549716
72.85 0.0345944 0.0619064
72.9 0.0371935 0.0423793
72.95 0.0384265 0.00759781
73 0.0393855 0.0302864
73.05 0.0423578 0.0874011
73.1 0.0438856 -0.0241213
73.15 0.0432953 4.60659e-05
73.2 0.044759 0.057332
73.25 0.0468828 0.028144
73.3 0.0496735 0.0823417
73.35 0.0535161 0.0714767
73.4 0.0566175 0.0528706
73.45 0.0593996 0.0582343
73.5 0.0626732 0.0723492
73.55 0.065398 0.0372652
73.6 0.0656424 -0.0262405
73.65 0.0651591 0.00627623
73.7 0.0661443 0.0325901
73.75 0.06851 0.0614079
73.8 0.0738803 0.151488
73.85 0.081483 0.152408
73.9 0.0873661 0.0841159
73.95 0.0915929 0.0848316
74 0.0950317 0.0532584
74.05 0.0985681 0.0874303
74.1 0.103316 0.102066
74.15 0.10864 0.110609
74.2 0.114448 0.121325
74.25 0.12124 0.14964
74.3 0.128181 0.128246
74.35 0.133507 0.0855046
74.4 0.137048 0.0566075
74.45 0.139486 0.041166
74.5 0.140331 -0.00643839
74.55 0.137228 -0.115473
74.6 0.13088 -0.137826
74.65 0.124032 -0.135956
74.7 0.1168 -0.152826
74.75 0.108018 -0.19734
74.8 0.0971161 -0.23766
74.85 0.0850454 -0.24472
74.9 0.0707331 -0.325804
74.95 0.0550357 -0.302158
75 0.0392524 -0.328258
75.05 0.0239978 -0.282442
75.1 0.0092658 -0.305996
75.15 -0.00705593 -0.345673
75.2 -0.0234895 -0.311917
75.25 -0.0399282 -0.344566
75.3 -0.0556004 -0.283137
75.35 -0.0704116 -0.308434
75.4 -0.0862987 -0.32629
75.45 -0.103464 -0.359245
75.5 -0.120041 -0.304472
75.55 -0.134901 -0.289866
75.6 -0.14886 -0.268536
75.65 -0.163528 -0.316852
75.7 -0.177681 -0.250224
75.75 -0.191641 -0.306703
75.8 -0.2044 -0.205359
75.85 -0.212704 -0.128124
75.9 -0.219425 -0.140297
75.95 -0.226299 -0.134571
76 -0.233011 -0.133753
76.05 -0.238449 -0.0846231
76.1 -0.241834 -0.0513501
76.15 -0.243539 -0.0174858
76.2 -0.249082 -0.20046
76.25 -0.257884 -0.152327
76.3 -0.265199 -0.140324
76.35 -0.272093 -0.135368
76.4 -0.278088 -0.104886
76.45 -0.282356 -0.0664892
76.5 -0.285516 -0.0599385
76.55 -0.287772 -0.0308554
76.6 -0.287567 0.0377207
76.65 -0.284275 0.0927752
76.7 -0.28233 -0.0129389
76.75 -0.284577 -0.0756245
76.8 -0.285661 0.0301807
76.85 -0.283565 0.0531598
76.9 -0.281034 0.0481012
76.95 -0.278774 0.0423699
77 -0.27733 0.0158689
77.05 -0.275591 0.0529339
77.1 -0.27012 0.163567
77.15 -0.261531 0.179469
77.2 -0.250364 0.265221
77.25 -0.239278 0.179619
77.3 -0.229986 0.191587
77.35 -0.219137 0.241122
77.4 -0.207259 0.233849
77.45 -0.196674 0.190127
77.5 -0.188872 0.123095
77.55 -0.180299 0.217735
77.6 -0.169713 0.205661
77.65 -0.157188 0.293306
77.7 -0.142348 0.299798
77.75 -0.12571 0.363993
77.8 -0.10719 0.376115
77.85 -0.0899982 0.312379
77.9 -0.0731316 0.360894
77.95 -0.0555756 0.341286
78 -0.0410697 0.240569
78.05 -0.0268618 0.325703
78.1 -0.0120583 0.267214
78.15 -0.000392452 0.200443
78.2 0.0112735 0.264628
78.25 0.0239594 0.242913
78.3 0.0361786 0.245493
78.35 0.0481807 0.234502
78.4 0.0609239 0.274118
78.45 0.0744223 0.265641
78.5 0.0868427 0.231533
78.55 0.097894 0.21065
78.6 0.10605 0.117232
78.65 0.112475 0.139157
78.7 0.120609 0.185098
78.75 0.129072 0.153842
78.8 0.134566 0.0674489
78.85 0.137438 0.0477828
78.9 0.14057 0.076814
78.95 0.143287 0.0326926
79 0.14445 0.0141386
79.05 0.148444 0.142979
79.1 0.152824 0.0342486
79.15 0.154251 0.0230358
79.2 0.154547 -0.0105248
79.25 0.153153 -0.0445482
79.3 0.150845 -0.0476444
79.35 0.149938 0.0102378
79.4 0.150374 0.00723383
79.45 0.151622 0.0419866
79.5 0.154865 0.0867768
79.55 0.159238 0.0879932
79.6 0.163278 0.0737842
79.65 0.168472 0.13267
79.7 0.173736 0.0788403
79.75 0.175888 0.00854582
79.8 0.178327 0.0874015
79.85 0.180839 0.0144697
79.9 0.179434 -0.0689996
79.95 0.175281 -0.0964484
80 0.170317 -0.101908
80.05 0.166793 -0.0401597
80.1 0.166985 0.04612
80.15 0.170859 0.107547
80.2 0.176171 0.104834
80.25 0.182064 0.130229
80.3 0.188315 0.119848
80.35 0.194016 0.108301
80.4 0.197435 0.0299314
80.45 0.196975 -0.0468329
80.5 0.194958 -0.0340533
80.55 0.193439 -0.026801
80.6 0.190755 -0.0794633
80.65 0.18897 0.00642507
80.7 0.19088 0.0686966
80.75 0.195232 0.104551
80.8 0.202043 0.166527
80.85 0.211977 0.229338
80.9 0.224448 0.268413
80.95 0.23579 0.186579
81 0.243703 0.130825
81.05 0.251398 0.175899
81.1 0.259774 0.15926
81.15 0.266627 0.115539
81.2 0.273776 0.169187
81.25 0.281537 0.141598
81.3 0.28707 0.0808016
81.35 0.29055 0.0587311
81.4 0.293392 0.0549393
81.45 0.296379 0.0643062
81.5 0.301299 0.131039
81.55 0.308301 0.14852
81.6 0.315703 0.147396
81.65 0.320974 0.064926
81.7 0.32657 0.156942
81.75 0.333207 0.109312
81.8 0.339611 0.145982
81.85 0.344904 0.0671497
81.9 0.348625 0.0813168
81.95 0.354058 0.134815
82 0.360826 0.135692
82.05 0.366043 0.0740973
82.1 0.367585 -0.0107758
82.15 0.36646 -0.0337503
82.2 0.364132 -0.0588179
82.25 0.363012 0.0126177
82.3 0.361188 -0.0836084
82.35 0.357234 -0.074643
82.4 0.352202 -0.125504
82.45 0.344326 -0.18809
82.5 0.334337 -0.210751
82.55 0.321848 -0.286982
82.6 0.304907 -0.388246
82.65 0.288097 -0.285736
82.7 0.270989 -0.395999
82.75 0.2532 -0.316664
82.8 0.236573 -0.347387
82.85 0.221342 -0.263133
82.9 0.206138 -0.343046
82.95 0.190766 -0.272852
83 0.178715 -0.210086
83.05 0.168045 -0.216351
83.1 0.156392 -0.248802
83.15 0.143567 -0.26358
83.2 0.131136 -0.233948
83.25 0.119724 -0.222467
83.3 0.108253 -0.235809
83.35 0.0995908 -0.112885
83.4 0.0923217 -0.17644
83.45 0.081183 -0.267032
83.5 0.0702305 -0.172653
83.55 0.0621003 -0.152741
83.6 0.0528072 -0.217467
83.65 0.0396307 -0.307478
83.7 0.0257729 -0.247662
83.75 0.0120563 -0.299625
83.8 -0.00317252 -0.308956
83.85 -0.0184405 -0.301519
83.9 -0.0323648 -0.255999
83.95 -0.0448335 -0.242694
84 -0.0559212 -0.201348
84.05 -0.0654212 -0.178854
84.1 -0.0755588 -0.225474
84.15 -0.0883553 -0.284887
84.2 -0.104008 -0.339724
84.25 -0.119834 -0.293839
84.3 -0.133237 -0.242953
84.35 -0.144262 -0.198632
84.4 -0.153092 -0.155187
84.45 -0.161301 -0.172646
84.5 -0.167919 -0.0934365
84.55 -0.171172 -0.0377054
84.6 -0.171222 0.0342888
84.65 -0.170117 0.0103406
84.7 -0.169761 0.00400932
84.75 -0.16898 0.0267862
84.8 -0.168076 0.00966299
84.85 -0.165505 0.0914976
84.9 -0.159511 0.147014
84.95 -0.148796 0.278713
85 -0.134165 0.30564
85.05 -0.118912 0.304087
85.1 -0.104657 0.266501
85.15 -0.0914956 0.259762
85.2 -0.0778587 0.28487
85.25 -0.0626699 0.321571
85.3 -0.0482951 0.254382
85.35 -0.0361357 0.232128
85.4 -0.0260553 0.172018
85.45 -0.0168179 0.196753
85.5 -0.0063959 0.219412
85.55 0.00313982 0.162891
85.6 0.0134403 0.247202
85.65 0.0252887 0.226834
85.7 0.035577 0.185256
85.75 0.0435439 0.134225
85.8 0.0489504 0.082909
85.85 0.0540457 0.120041
85.9 0.0606645 0.144066
85.95 0.0669722 0.108779
86 0.0714232 0.0699151
86.05 0.0743635 0.0480544
86.1 0.0757651 0.00875291
86.15 0.0767016 0.0282966
86.2 0.0782026 0.0316397
86.25 0.0804347 0.0570836
86.3 0.0804302 -0.055048
86.35 0.0759799 -0.121539
86.4 0.0716314 -0.0536319
86.45 0.0696783 -0.0250076
86.5 0.0696653 0.0235303
86.55 0.0705278 0.0111914
86.6 0.071501 0.0273901
86.65 0.0715818 -0.0231607
86.7 0.0688384 -0.0852762
86.75 0.0656909 -0.0414124
86.8 0.0652911 0.0241365
86.85 0.0651238 -0.0297593
86.9 0.0642839 -0.00431891
86.95 0.0658191 0.0643328
87 0.0683541 0.0375326
87.05 0.0709168 0.0643775
87.1 0.0738677 0.0537928
87.15 0.0757342 0.0214591
87.2 0.0768296 0.0223129
87.25 0.0785644 0.0465569
87.3 0.0802428 0.02104
87.35 0.0807565 -9.00223e-05
87.4 0.0810296 0.0107939
87.45 0.0818244 0.0207817
87.5 0.0846085 0.089157
87.55 0.0898397 0.119364
87.6 0.0960606 0.129119
87.65 0.0998276 0.0235496
87.7 0.101276 0.0341599
87.75 0.100963 -0.0451263
87.8 0.0992292 -0.0245856
87.85 0.099818 0.0467147
87.9 0.102535 0.0616118
87.95 0.10596 0.0750324
88 0.11045 0.103872
88.05 0.114758 0.0690155
88.1 0.117566 0.0437521
88.15 0.119154 0.0201914
88.2 0.118252 -0.0547565
88.25 0.112597 -0.169069
88.3 0.103405 -0.197794
88.35 0.0925925 -0.233721
88.4 0.0810661 -0.227171
88.45 0.0689671 -0.255909
88.5 0.0535107 -0.359901
88.55 0.0349652 -0.381028
88.6 0.0156402 -0.391276
88.65 -0.00489294 -0.428786
88.7 -0.0248064 -0.368437
88.75 -0.0455843 -0.460335
88.8 -0.0677645 -0.426966
88.85 -0.0899711 -0.460079
88.9 -0.113403 -0.476289
88.95 -0.135774 -0.419114
89 -0.157565 -0.451306
89.05 -0.178622 -0.391644
89.1 -0.198908 -0.418737
89.15 -0.219764 -0.415021
89.2 -0.241116 -0.438092
89.25 -0.261163 -0.364691
89.3 -0.278891 -0.344393
89.35 -0.295361 -0.314587
89.4 -0.310797 -0.302682
89.45 -0.32456 -0.248567
89.5 -0.337525 -0.269303
89.55 -0.349021 -0.191746
89.6 -0.355207 -0.0581812
89.65 -0.358493 -0.0728988
89.7 -0.362058 -0.0696516
89.75 -0.365728 -0.0769291
89.8 -0.368445 -0.0325731
89.85 -0.369394 -0.00585905
89.9 -0.369069 0.0183646
89.95 -0.368704 -0.00336999
90 -0.367945 0.0330292
90.05 -0.366096 0.0407087
90.1 -0.364053 0.040966
90.15 -0.36128 0.0693351
90.2 -0.35669 0.113251
90.25 -0.351343 0.100767
90.3 -0.345589 0.128694
90.35 -0.337959 0.175379
90.4 -0.327328 0.24815
90.45 -0.315837 0.211892
90.5 -0.305651 0.195614
90.55 -0.294677 0.242167
90.6 -0.282237 0.254873
90.65 -0.270131 0.229553
90.7 -0.258805 0.223306
90.75 -0.249157 0.163538
90.8 -0.240581 0.178988
90.85 -0.230633 0.217922
90.9 -0.219495 0.22713
90.95 -0.207875 0.237176
91 -0.196886 0.202793
91.05 -0.186259 0.221643
91.1 -0.174657 0.241738
91.15 -0.163243 0.215047
91.2 -0.153525 0.174216
91.25 -0.145609 0.142844
91.3 -0.137139 0.194736
91.35 -0.128403 0.155249
91.4 -0.118272 0.247931
91.45 -0.105869 0.247872
91.5 -0.0930267 0.265136
91.55 -0.0787212 0.305915
91.6 -0.0640944 0.279308
91.65 -0.0493656 0.308883
91.7 -0.0342816 0.294379
91.75 -0.0209791 0.238485
91.8 -0.00792752 0.282379
91.85 0.00483977 0.229041
91.9 0.0151104 0.182445
91.95 0.0255039 0.232049
92 0.0366433 0.213608
92.05 0.0475038 0.2204
92.1 0.058253 0.209508
92.15 0.0697308 0.248543
92.2 0.0819542 0.240246
92.25 0.0920465 0.164681
92.3 0.0996835 0.141072
92.35 0.105027 0.0738645
92.4 0.108946 0.0826058
92.45 0.11386 0.113244
92.5 0.118934 0.0900272
92.55 0.121288 0.00576535
92.6 0.121035 -0.0154671
92.65 0.120672 0.000633106
92.7 0.118747 -0.0760699
92.75 0.114075 -0.110024
92.8 0.109538 -0.0720894
92.85 0.104429 -0.130972
92.9 0.0969763 -0.166254
92.95 0.0881257 -0.187134
93 0.0785819 -0.194234
93.05 0.069018 -0.188198
93.1 0.0609254 -0.136325
93.15 0.0545823 -0.117605
93.2 0.0514086 -0.0113636
93.25 0.052941 0.0709959
93.3 0.0566849 0.0785148
93.35 0.0603444 0.0679811
93.4 0.0641609 0.0842596
93.45 0.0668254 0.0234528
93.5 0.0670456 -0.0139137
93.55 0.0674472 0.0291172
93.6 0.0665853 -0.0617743
93.65 0.0626537 -0.0947385
93.7 0.0569987 -0.130607
93.75 0.0498004 -0.156626
93.8 0.0429449 -0.118179
93.85 0.0380635 -0.0777523
93.9 0.0346137 -0.0604916
93.95 0.0319294 -0.0470774
94 0.0319526 0.0461616
94.05 0.0343004 0.0476605
94.1 0.0366101 0.0447257
94.15 0.0368358 -0.0341451
94.2 0.034227 -0.069443
94.25 0.0326647 0.00551186
94.3 0.0333599 0.0219541
94.35 0.0323123 -0.0621708
94.4 0.0314698 0.026735
94.45 0.0331761 0.0411883
94.5 0.0375248 0.130876
94.55 0.0471044 0.249715
94.6 0.0604638 0.283653
94.65 0.0754253 0.313828
94.7 0.0889537 0.228647
94.75 0.0992807 0.18503
94.8 0.108634 0.188803
94.85 0.117974 0.184622
94.9 0.125017 0.0986352
94.95 0.131276 0.150511
95 0.138431 0.135822
95.05 0.143983 0.0870577
95.1 0.14616 0.00168199
95.15 0.146265 0.00248956
95.2 0.146744 0.0163776
95.25 0.147915 0.0301638
95.3 0.15023 0.0617376
95.35 0.153579 0.0719594
95.4 0.155052 -0.0114289
95.45 0.156682 0.0748556
95.5 0.159893 0.0539454
95.55 0.165809 0.180027
95.6 0.172299 0.0813525
95.65 0.176138 0.0723149
95.7 0.180153 0.0878491
95.75 0.184391 0.0817143
95.8 0.185721 -0.0264192
95.85 0.182673 -0.0941004
95.9 0.177809 -0.100222
95.95 0.172567 -0.10914
96 0.168402 -0.0583536
96.05 0.163597 -0.132274
96.1 0.157108 -0.127217
96.15 0.149523 -0.175031
96.2 0.139895 -0.209154
96.25 0.129119 -0.221373
96.3 0.116529 -0.280764
96.35 0.100327 -0.36523
96.4 0.0854715 -0.231248
96.45 0.0728164 -0.273791
96.5 0.0593571 -0.264423
96.55 0.0438581 -0.353383
96.6 0.0290279 -0.241656
96.65 0.0151433 -0.311984
96.7 0.000634168 -0.268865
96.75 -0.0115784 -0.220287
96.8 -0.0224869 -0.215862
96.85 -0.0334474 -0.222154
96.9 -0.045972 -0.277418
96.95 -0.0579509 -0.202906
97 -0.0677489 -0.189038
97.05 -0.0771335 -0.186166
97.1 -0.084949 -0.127413
97.15 -0.0931503 -0.199016
97.2 -0.106931 -0.348918
97.25 -0.122618 -0.279497
97.3 -0.135605 -0.240454
97.35 -0.149256 -0.303969
97.4 -0.165974 -0.363158
97.45 -0.182327 -0.291963
97.5 -0.198277 -0.344564
97.55 -0.21645 -0.381169
97.6 -0.235197 -0.368509
97.65 -0.252283 -0.315533
97.7 -0.267392 -0.28897
97.75 -0.280035 -0.217832
97.8 -0.288842 -0.135846
97.85 -0.295245 -0.120407
97.9 -0.30198 -0.148284
97.95 -0.310641 -0.196963
98 -0.317779 -0.0904636
98.05 -0.320658 -0.0259151
98.1 -0.321237 0.00220981
98.15 -0.319693 0.0584066
98.2 -0.319084 -0.0322648
98.25 -0.319753 0.00476904
98.3 -0.318543 0.0428708
98.35 -0.314705 0.10924
98.4 -0.310161 0.0731305
98.45 -0.307631 0.0288662
98.5 -0.304162 0.108232
98.55 -0.299473 0.0797713
98.6 -0.293422 0.160503
98.65 -0.284323 0.202429
98.7 -0.271563 0.305607
98.75 -0.254874 0.360437
98.8 -0.236655 0.367696
98.85 -0.219821 0.306457
98.9 -0.204629 0.300946
98.95 -0.188289 0.351233
99 -0.169757 0.388828
99.05 -0.15199 0.322696
99.1 -0.136966 0.27878
99.15 -0.125872 0.166881
99.2 -0.115957 0.228254
99.25 -0.102759 0.297958
99.3 -0.0888732 0.257919
99.35 -0.0737356 0.345469
99.4 -0.0574379 0.306789
99.45 -0.0436276 0.246461
99.5 -0.0330588 0.17739
99.55 -0.0262939 0.0946658
99.6 -0.0205263 0.135092
99.65 -0.0135456 0.143788
99.7 -0.00662811 0.132948
99.75 -0.000795936 0.100825
99.8 0.00296718 0.0505957
99.85 0.00270724 -0.0588249
99.9 0.0016956 0.016889
