0 0.314159
0 0.554054
0.1 0.776745
0.2 0.976514
0.3 1.14919
0.4 1.29203
0.5 1.40343
0.6 1.48259
0.7 1.52917
0.8 1.54309
0.9 1.52431
1 1.47287
1.1 1.38889
1.2 1.27275
1.3 1.12535
1.4 0.948439
1.5 0.74496
1.6 0.519313
1.7 0.277437
1.8 0.0266046
1.9 -0.225097
2 -0.469501
2.1 -0.699109
2.2 -0.907674
2.3 -1.09047
2.4 -1.24426
2.5 -1.36709
2.6 -1.45789
2.7 -1.51619
2.8 -1.54185
2.9 -1.53482
3 -1.49511
3.1 -1.42279
3.2 -1.31814
3.3 -1.18182
3.4 -1.01524
3.5 -0.82088
3.6 -0.602593
3.7 -0.365772
3.8 -0.117255
3.9 0.135087
4 0.383025
4.1 0.618743
4.2 0.835494
4.3 1.02799
4.4 1.19249
4.5 1.32661
4.6 1.42899
4.7 1.499
4.8 1.53639
4.9 1.54111
5 1.51314
5.1 1.45252
5.2 1.35943
5.3 1.23437
5.4 1.07844
5.5 0.893697
5.6 0.683467
5.7 0.452588
5.8 0.207409
5.9 -0.0445039
6 -0.294962
6.1 -0.535914
6.2 -0.760168
6.3 -0.961891
6.4 -1.13679
6.5 -1.28202
6.6 -1.39591
6.7 -1.47759
6.8 -1.52672
6.9 -1.54318
7 -1.52695
7.1 -1.47805
7.2 -1.39659
7.3 -1.28293
7.4 -1.13791
7.5 -0.96321
7.6 -0.761662
7.7 -0.537546
7.8 -0.296687
7.9 -0.0462682
8 0.205663
8.1 0.450917
8.2 0.68192
8.3 0.892312
8.4 1.07725
8.5 1.23339
8.6 1.35867
8.7 1.45198
8.8 1.51283
8.9 1.54103
9 1.53654
9.1 1.49937
9.2 1.42959
9.3 1.32743
9.4 1.19354
9.5 1.02924
9.6 0.836928
9.7 0.62033
9.8 0.384723
9.9 0.136844
10 -0.115496
