1.5 -5.94949e-13
1.49961 -0.0340471
1.49543 -0.117018
1.47936 -0.247982
1.43893 -0.423644
1.35844 -0.636107
1.22155 -0.870528
1.01561 -1.10387
0.737217 -1.30633
0.3968 -1.44656
0.0195046 -1.49987
-0.359668 -1.45624
-0.705196 -1.3239
-0.990617 -1.12636
-1.20395 -0.894707
-1.34738 -0.659209
-1.43287 -0.443708
-1.47661 -0.263853
-1.49452 -0.128147
-1.49946 -0.0402403
-1.5 -0.00121879
-1.49996 -0.0112423
-1.49835 -0.0702889
-1.48941 -0.177963
-1.46271 -0.332373
-1.40393 -0.528184
-1.2966 -0.754214
-1.12561 -0.991464
-0.882342 -1.21304
-0.570032 -1.38747
-0.206858 -1.48567
0.176049 -1.48963
0.542118 -1.39861
0.859435 -1.22938
1.10862 -1.01043
1.28527 -0.773356
1.39726 -0.545595
1.45935 -0.346821
1.48807 -0.18879
1.49801 -0.0772227
1.49993 -0.0142062
1.5 -0.000203816
1.49959 -0.0352479
1.49526 -0.119209
1.47883 -0.251126
1.43775 -0.427635
1.35627 -0.640719
1.21808 -0.875375
1.01066 -1.1084
0.730851 -1.30991
0.389388 -1.44858
0.0116867 -1.49995
-0.36714 -1.45438
-0.711665 -1.32043
-0.995687 -1.12188
-1.20754 -0.889863
-1.34965 -0.654561
-1.43412 -0.439657
-1.47718 -0.260635
-1.49471 -0.125877
-1.49949 -0.0389587
-1.5 -0.000934062
-1.49995 -0.0119549
-1.49827 -0.0719968
-1.48908 -0.180648
-1.46189 -0.335969
-1.40229 -0.53253
-1.2938 -0.759005
-1.1214 -0.996229
-0.876643 -1.21717
-0.563067 -1.39031
-0.199147 -1.48672
0.183782 -1.4887
0.549146 -1.39586
0.86522 -1.22531
1.11292 -1.00569
1.28815 -0.768551
1.39896 -0.541212
1.46022 -0.343174
1.48842 -0.186047
1.4981 -0.0754546
1.49994 -0.013433
1.5 -0.000427913
1.49956 -0.0364691
1.49508 -0.12142
1.47829 -0.254288
1.43655 -0.431641
1.35408 -0.64534
1.21458 -0.880222
1.00568 -1.11292
0.724459 -1.31345
0.381961 -1.45055
0.00386823 -1.5
-0.374597 -1.45247
-0.718109 -1.31694
-1.00073 -1.11738
-1.21109 -0.885017
-1.35189 -0.649922
-1.43535 -0.43562
-1.47774 -0.257436
-1.4949 -0.123627
-1.49953 -0.0376973
-1.5 -0.000669618
-1.49995 -0.0126878
-1.49819 -0.0737249
-1.48875 -0.183352
-1.46106 -0.339582
-1.40063 -0.536888
-1.29097 -0.763801
-1.11715 -1.00099
-0.870916 -1.22127
-0.55608 -1.39312
-0.191428 -1.48773
0.191509 -1.48772
0.556154 -1.39309
0.870976 -1.22123
1.1172 -1.00094
1.291 -0.763751
1.40064 -0.536842
1.46106 -0.339544
1.48876 -0.183324
1.49819 -0.0737066
1.49995 -0.01268
1.5 -0.00067229
1.49953 -0.0377104
1.49489 -0.123651
1.47774 -0.257469
1.43534 -0.435662
1.35186 -0.649971
1.21105 -0.885068
1.00067 -1.11743
0.718041 -1.31697
0.374519 -1.45249
-0.00395036 -1.49999
-0.382039 -1.45053
-0.724526 -1.31342
-1.00574 -1.11288
-1.21462 -0.880171
-1.3541 -0.645292
-1.43657 -0.431599
-1.47829 -0.254255
-1.49508 -0.121397
-1.49956 -0.0364561
-1.5 -0.000425454
-1.49994 -0.013441
-1.4981 -0.0754731
-1.48841 -0.186076
-1.46021 -0.343212
-1.39894 -0.541258
-1.28812 -0.768602
-1.11288 -1.00574
-0.865159 -1.22536
-0.549072 -1.39589
-0.183701 -1.48871
0.199228 -1.48671
0.56314 -1.39028
0.876703 -1.21712
1.12144 -0.996179
1.29383 -0.758955
1.40231 -0.532484
1.4619 -0.335931
1.48909 -0.180619
1.49827 -0.0719787
1.49995 -0.0119473
1.5 -0.000936947
1.49949 -0.038972
1.49471 -0.125901
1.47718 -0.260669
1.43411 -0.439699
1.34962 -0.65461
1.2075 -0.889914
0.995634 -1.12192
0.711597 -1.32047
0.367061 -1.4544
-0.0117688 -1.49995
-0.389466 -1.44856
-0.730918 -1.30987
-1.01072 -1.10836
-1.21812 -0.875324
-1.3563 -0.640671
-1.43776 -0.427593
-1.47883 -0.251092
-1.49526 -0.119186
-1.49959 -0.0352352
-1.5 -0.00020157
-1.49993 -0.0142145
-1.49801 -0.0772414
-1.48807 -0.188819
-1.45935 -0.346859
-1.39724 -0.545641
-1.28524 -0.773407
-1.10857 -1.01048
-0.859374 -1.22942
-0.542044 -1.39864
-0.175967 -1.48964
0.206939 -1.48566
0.570105 -1.38744
0.882402 -1.213
1.12565 -0.991414
1.29663 -0.754164
1.40395 -0.528139
1.46272 -0.332335
1.48941 -0.177935
1.49835 -0.070271
1.49996 -0.0112349
1.5 -0.00122188
1.49946 -0.0402539
1.49451 -0.128171
1.47661 -0.263887
1.43286 -0.443751
1.34736 -0.659258
1.20391 -0.894758
0.990564 -1.1264
0.705128 -1.32393
0.35959 -1.45626
-0.0195867 -1.49987
-0.396878 -1.44654
-0.737284 -1.3063
-1.01566 -1.10382
-1.22158 -0.870477
-1.35847 -0.636059
-1.43894 -0.423602
-1.47937 -0.247949
-1.49543 -0.116995
-1.49961 -0.0340346
-1.5 2.03313e-06
-1.49992 -0.0150082
-1.49792 -0.0790299
-1.48772 -0.191582
-1.45847 -0.350523
-1.39551 -0.550037
-1.28233 -0.778215
-1.10423 -1.01522
-0.85356 -1.23347
-0.534995 -1.40135
-0.168226 -1.49054
0.214641 -1.48456
0.577048 -1.38456
0.888071 -1.20885
1.12984 -0.986644
1.2994 -0.749377
1.40557 -0.523806
1.46353 -0.328757
1.48973 -0.175269
1.49843 -0.0685835
1.49996 -0.0105428
1.5 -0.0015271
1.49942 -0.041556
1.49432 -0.130462
1.47602 -0.267124
1.43159 -0.447818
