0 20280
1 19978
2 19761
3 20038
4 20089
5 19921
6 19961
7 19873
8 19907
9 19893
10 19891
11 20160
12 19971
13 19901
14 20033
15 19979
16 20113
17 20039
18 20135
19 19968
20 19892
21 19980
22 19838
23 20037
24 20218
25 20124
26 20193
27 19972
28 20110
29 20201
30 20114
31 19765
32 20213
33 20132
34 19734
35 20132
36 19969
37 19994
38 20272
39 19911
40 19910
41 19965
42 20167
43 20015
44 19976
45 19931
46 19748
47 20003
48 20033
49 19831
50 20036
51 20121
52 20019
53 19896
54 20203
55 20052
56 20107
57 20040
58 19871
59 19900
60 20082
61 19776
62 20198
63 20054
64 19901
65 19912
66 19926
67 19952
68 20195
69 19949
70 19692
71 19818
72 19708
73 19959
74 20007
75 20109
76 19894
77 20034
78 19869
79 20112
80 20002
81 20300
82 20019
83 20155
84 19853
85 19985
86 20042
87 20007
88 20052
89 20155
90 19977
91 20077
92 20080
93 19824
94 19825
95 20083
96 19829
97 20020
98 19992
99 20060
