6.66667 nan 104.795
5 nan 49.8
4 nan -7.625
3.33333 nan 38.855
2.85714 nan -4.46
2.5 nan -32.15
2.22222 0.749323 -31.055
2 0.911319 -23.125
1.81818 0.953945 34.325
1.66667 0.973609 0.95
1.53846 0.984122 -53.35
1.42857 0.990163 -95.29
1.33333 0.993785 -67.055
1.25 0.99602 -75.66
1.17647 0.997425 -52.095
1.11111 0.998322 -54.935
1.05263 0.9989 -64.18
1 0.999276 -16.08
0.952381 0.999521 28.72
0.909091 0.999683 -34.43
0.869565 0.999789 -93.105
0.833333 0.99986 -112.44
0.8 0.999907 -86.245
0.769231 0.999938 -58.71
0.740741 0.999958 -61.31
0.714286 0.999972 -59.825
0.689655 0.999981 0.88
0.666667 0.999988 46.01
0.645161 0.999992 7.515
0.625 0.999994 -29.43
0.606061 0.999996 -43.005
0.588235 0.999998 -127.885
0.571429 0.999998 -126.215
0.555556 0.999999 -31.07
0.540541 0.999999 48.895
0.526316 0.999999 21.19
0.512821 1 30.78
0.5 1 -73.405
0.487805 1 -76.035
0.47619 1 -105.815
0.465116 1 -188.185
0.454545 1 -148.665
0.444444 1 -98.73
0.434783 1 -89.93
0.425532 1 -84.83
0.416667 1 -83.395
0.408163 1 -18.105
0.4 1 -10.195
0.392157 1 6.77
0.384615 1 40.42
