0 2.75e-05
1 2.875e-05
2 2.75e-05
3 2.625e-05
4 2.5e-05
5 2.625e-05
6 2.5e-05
7 2.375e-05
8 2.25e-05
9 2.375e-05
10 2.5e-05
11 2.625e-05
12 2.5e-05
13 2.625e-05
14 2.5e-05
15 2.625e-05
16 2.5e-05
17 2.375e-05
18 2.25e-05
19 2.375e-05
20 2.5e-05
21 2.625e-05
22 2.5e-05
23 2.625e-05
24 2.75e-05
25 2.625e-05
26 2.75e-05
27 2.875e-05
28 3e-05
29 3.125e-05
30 3.25e-05
31 3.375e-05
32 3.25e-05
33 3.125e-05
34 3e-05
35 3.125e-05
36 3.25e-05
37 3.125e-05
38 3e-05
39 2.875e-05
40 3e-05
41 3.125e-05
42 3.25e-05
43 3.125e-05
44 3.25e-05
45 3.375e-05
46 3.5e-05
47 3.625e-05
48 3.5e-05
49 3.625e-05
50 3.5e-05
51 3.625e-05
52 3.75e-05
53 3.625e-05
54 3.5e-05
55 3.625e-05
56 3.5e-05
57 3.625e-05
58 3.5e-05
59 3.625e-05
60 3.5e-05
61 3.375e-05
62 3.5e-05
63 3.625e-05
64 3.5e-05
65 3.625e-05
66 3.75e-05
67 3.625e-05
68 3.5e-05
69 3.375e-05
70 3.25e-05
71 3.125e-05
72 3.25e-05
73 3.375e-05
74 3.25e-05
75 3.375e-05
76 3.5e-05
77 3.625e-05
78 3.75e-05
79 3.625e-05
80 3.75e-05
81 3.875e-05
82 4e-05
83 4.125e-05
84 4.25e-05
85 4.375e-05
86 4.25e-05
87 4.125e-05
88 4e-05
89 3.875e-05
90 4e-05
91 3.875e-05
92 3.75e-05
93 3.625e-05
94 3.5e-05
95 3.375e-05
96 3.25e-05
97 3.375e-05
98 3.5e-05
99 3.375e-05
100 3.5e-05
101 3.625e-05
102 3.75e-05
103 3.875e-05
104 4e-05
105 4.125e-05
106 4.25e-05
107 4.125e-05
108 4.25e-05
109 4.375e-05
110 4.5e-05
111 4.625e-05
112 4.5e-05
113 4.375e-05
114 4.25e-05
115 4.125e-05
116 4.25e-05
117 4.125e-05
118 4e-05
119 3.875e-05
120 4e-05
121 4.125e-05
122 4.25e-05
123 4.375e-05
124 4.25e-05
125 4.125e-05
126 4.25e-05
127 4.375e-05
128 4.25e-05
129 4.375e-05
130 4.25e-05
131 4.375e-05
132 4.25e-05
133 4.375e-05
134 4.25e-05
135 4.375e-05
136 4.5e-05
137 4.625e-05
138 4.75e-05
139 4.875e-05
140 5e-05
141 4.875e-05
142 4.75e-05
143 4.875e-05
144 4.75e-05
145 4.625e-05
146 4.75e-05
147 4.625e-05
148 4.75e-05
149 4.625e-05
150 4.75e-05
151 4.625e-05
152 4.75e-05
153 4.625e-05
154 4.75e-05
155 4.625e-05
156 4.75e-05
157 4.625e-05
158 4.75e-05
159 4.625e-05
160 4.5e-05
161 4.375e-05
162 4.5e-05
163 4.625e-05
164 4.5e-05
165 4.375e-05
166 4.5e-05
167 4.375e-05
168 4.25e-05
169 4.125e-05
170 4e-05
171 3.875e-05
172 3.75e-05
173 3.625e-05
174 3.75e-05
175 3.875e-05
176 4e-05
177 4.125e-05
178 4.25e-05
179 4.375e-05
180 4.5e-05
181 4.375e-05
182 4.25e-05
183 4.125e-05
184 4e-05
185 3.875e-05
186 4e-05
187 3.875e-05
188 3.75e-05
189 3.875e-05
190 3.75e-05
191 3.625e-05
192 3.5e-05
193 3.625e-05
194 3.75e-05
195 3.625e-05
196 3.75e-05
197 3.875e-05
198 4e-05
199 3.875e-05
200 3.75e-05
201 3.625e-05
202 3.75e-05
203 3.625e-05
204 3.75e-05
205 3.625e-05
206 3.5e-05
207 3.625e-05
208 3.75e-05
209 3.875e-05
210 3.75e-05
211 3.625e-05
212 3.75e-05
213 3.875e-05
214 3.75e-05
215 3.875e-05
216 3.75e-05
217 3.875e-05
218 3.75e-05
219 3.875e-05
220 3.75e-05
221 3.875e-05
222 3.75e-05
223 3.625e-05
224 3.75e-05
225 3.625e-05
226 3.5e-05
227 3.375e-05
228 3.5e-05
229 3.625e-05
230 3.75e-05
231 3.875e-05
232 3.75e-05
233 3.875e-05
234 4e-05
235 3.875e-05
236 3.75e-05
237 3.875e-05
238 4e-05
239 3.875e-05
240 3.75e-05
241 3.875e-05
242 4e-05
243 3.875e-05
244 4e-05
245 4.125e-05
246 4e-05
247 4.125e-05
248 4.25e-05
249 4.375e-05
250 4.5e-05
251 4.375e-05
252 4.25e-05
253 4.125e-05
254 4e-05
255 4.125e-05
256 4.25e-05
257 4.125e-05
258 4e-05
259 3.875e-05
260 4e-05
261 3.875e-05
262 4e-05
263 3.875e-05
264 3.75e-05
265 3.875e-05
266 3.75e-05
267 3.625e-05
268 3.5e-05
269 3.625e-05
270 3.75e-05
271 3.875e-05
272 3.75e-05
273 3.625e-05
274 3.5e-05
275 3.375e-05
276 3.5e-05
277 3.375e-05
278 3.5e-05
279 3.625e-05
280 3.5e-05
281 3.375e-05
282 3.25e-05
283 3.125e-05
284 3e-05
285 3.125e-05
286 3.25e-05
287 3.125e-05
288 3e-05
289 3.125e-05
290 3.25e-05
291 3.375e-05
292 3.5e-05
293 3.375e-05
294 3.25e-05
295 3.375e-05
296 3.25e-05
297 3.125e-05
298 3.25e-05
299 3.125e-05
300 3e-05
301 2.875e-05
302 2.75e-05
303 2.625e-05
304 2.75e-05
305 2.625e-05
306 2.75e-05
307 2.875e-05
308 2.75e-05
309 2.625e-05
310 2.5e-05
311 2.375e-05
312 2.5e-05
313 2.625e-05
314 2.5e-05
315 2.625e-05
316 2.5e-05
317 2.375e-05
318 2.5e-05
319 2.625e-05
320 2.75e-05
321 2.625e-05
322 2.75e-05
323 2.625e-05
324 2.75e-05
325 2.875e-05
326 3e-05
327 3.125e-05
328 3e-05
329 3.125e-05
330 3e-05
331 2.875e-05
332 2.75e-05
333 2.875e-05
334 2.75e-05
335 2.875e-05
336 3e-05
337 3.125e-05
338 3.25e-05
339 3.375e-05
340 3.25e-05
341 3.375e-05
342 3.5e-05
343 3.375e-05
344 3.5e-05
345 3.625e-05
346 3.75e-05
347 3.875e-05
348 4e-05
349 4.125e-05
350 4e-05
351 3.875e-05
352 4e-05
353 3.875e-05
354 4e-05
355 4.125e-05
356 4.25e-05
357 4.125e-05
358 4.25e-05
359 4.125e-05
360 4e-05
361 3.875e-05
362 4e-05
363 3.875e-05
364 4e-05
365 3.875e-05
366 4e-05
367 3.875e-05
368 4e-05
369 4.125e-05
370 4e-05
371 4.125e-05
372 4e-05
373 4.125e-05
374 4e-05
375 4.125e-05
376 4e-05
377 4.125e-05
378 4.25e-05
379 4.125e-05
380 4e-05
381 4.125e-05
382 4e-05
383 3.875e-05
384 3.75e-05
385 3.875e-05
386 4e-05
387 3.875e-05
388 4e-05
389 4.125e-05
390 4e-05
391 4.125e-05
392 4.25e-05
393 4.375e-05
394 4.5e-05
395 4.625e-05
396 4.5e-05
397 4.625e-05
398 4.5e-05
399 4.625e-05
400 4.5e-05
401 4.375e-05
402 4.5e-05
403 4.375e-05
404 4.5e-05
405 4.375e-05
406 4.5e-05
407 4.625e-05
408 4.5e-05
409 4.375e-05
410 4.5e-05
411 4.375e-05
412 4.25e-05
413 4.125e-05
414 4e-05
415 4.125e-05
416 4.25e-05
417 4.375e-05
418 4.25e-05
419 4.375e-05
420 4.25e-05
421 4.375e-05
422 4.5e-05
423 4.375e-05
424 4.25e-05
425 4.125e-05
426 4.25e-05
427 4.125e-05
428 4e-05
429 4.125e-05
430 4e-05
431 3.875e-05
432 4e-05
433 3.875e-05
434 3.75e-05
435 3.625e-05
436 3.75e-05
437 3.875e-05
438 3.75e-05
439 3.875e-05
440 3.75e-05
441 3.625e-05
442 3.75e-05
443 3.625e-05
444 3.5e-05
445 3.625e-05
446 3.5e-05
447 3.625e-05
448 3.5e-05
449 3.625e-05
450 3.75e-05
451 3.625e-05
452 3.75e-05
453 3.625e-05
454 3.5e-05
455 3.625e-05
456 3.5e-05
457 3.625e-05
458 3.5e-05
459 3.625e-05
460 3.75e-05
461 3.625e-05
462 3.5e-05
463 3.375e-05
464 3.25e-05
465 3.375e-05
466 3.25e-05
467 3.375e-05
468 3.25e-05
469 3.375e-05
470 3.5e-05
471 3.625e-05
472 3.5e-05
473 3.375e-05
474 3.25e-05
475 3.125e-05
476 3.25e-05
477 3.375e-05
478 3.5e-05
479 3.625e-05
480 3.5e-05
481 3.375e-05
482 3.5e-05
483 3.625e-05
484 3.75e-05
485 3.625e-05
486 3.5e-05
487 3.375e-05
488 3.5e-05
489 3.625e-05
490 3.5e-05
491 3.375e-05
492 3.25e-05
493 3.375e-05
494 3.25e-05
495 3.375e-05
496 3.5e-05
497 3.375e-05
498 3.5e-05
499 3.375e-05
500 3.5e-05
501 3.375e-05
502 3.25e-05
503 3.375e-05
504 3.25e-05
505 3.125e-05
506 3.25e-05
507 3.125e-05
508 3.25e-05
509 3.125e-05
510 3e-05
511 3.125e-05
512 3e-05
513 2.875e-05
514 3e-05
515 2.875e-05
516 2.75e-05
517 2.625e-05
518 2.75e-05
519 2.875e-05
520 2.75e-05
521 2.625e-05
522 2.75e-05
523 2.625e-05
524 2.5e-05
525 2.625e-05
526 2.75e-05
527 2.625e-05
528 2.75e-05
529 2.875e-05
530 2.75e-05
531 2.875e-05
532 3e-05
533 2.875e-05
534 3e-05
535 2.875e-05
536 2.75e-05
537 2.875e-05
538 3e-05
539 3.125e-05
540 3e-05
541 3.125e-05
542 3e-05
543 2.875e-05
544 2.75e-05
545 2.875e-05
546 2.75e-05
547 2.875e-05
548 3e-05
549 3.125e-05
550 3.25e-05
551 3.375e-05
552 3.25e-05
553 3.375e-05
554 3.25e-05
555 3.125e-05
556 3.25e-05
557 3.125e-05
558 3.25e-05
559 3.375e-05
560 3.25e-05
561 3.375e-05
562 3.25e-05
563 3.125e-05
564 3.25e-05
565 3.375e-05
566 3.5e-05
567 3.625e-05
568 3.5e-05
569 3.375e-05
570 3.25e-05
571 3.125e-05
572 3e-05
573 3.125e-05
574 3e-05
575 2.875e-05
576 3e-05
577 2.875e-05
578 3e-05
579 3.125e-05
580 3.25e-05
581 3.125e-05
582 3e-05
583 2.875e-05
584 2.75e-05
585 2.625e-05
586 2.5e-05
587 2.625e-05
588 2.75e-05
589 2.875e-05
590 2.75e-05
591 2.875e-05
592 2.75e-05
593 2.625e-05
594 2.5e-05
595 2.375e-05
596 2.5e-05
597 2.625e-05
598 2.5e-05
599 2.375e-05
600 2.5e-05
601 2.375e-05
602 2.5e-05
603 2.375e-05
604 2.5e-05
605 2.625e-05
606 2.5e-05
607 2.625e-05
608 2.5e-05
609 2.625e-05
610 2.75e-05
611 2.875e-05
612 3e-05
613 3.125e-05
614 3e-05
615 3.125e-05
616 3.25e-05
617 3.125e-05
618 3.25e-05
619 3.375e-05
620 3.25e-05
621 3.125e-05
622 3.25e-05
623 3.375e-05
624 3.25e-05
625 3.125e-05
626 3.25e-05
627 3.375e-05
628 3.5e-05
629 3.375e-05
630 3.25e-05
631 3.375e-05
632 3.5e-05
633 3.625e-05
634 3.5e-05
635 3.375e-05
636 3.5e-05
637 3.625e-05
638 3.5e-05
639 3.625e-05
640 3.75e-05
641 3.875e-05
642 3.75e-05
643 3.625e-05
644 3.75e-05
645 3.875e-05
646 4e-05
647 4.125e-05
648 4e-05
649 3.875e-05
650 4e-05
651 3.875e-05
652 3.75e-05
653 3.625e-05
654 3.5e-05
655 3.625e-05
656 3.5e-05
657 3.375e-05
658 3.5e-05
659 3.625e-05
660 3.5e-05
661 3.375e-05
662 3.5e-05
663 3.625e-05
664 3.75e-05
665 3.625e-05
666 3.5e-05
667 3.375e-05
668 3.5e-05
669 3.625e-05
670 3.75e-05
671 3.875e-05
672 4e-05
673 3.875e-05
674 3.75e-05
675 3.625e-05
676 3.75e-05
677 3.875e-05
678 3.75e-05
679 3.625e-05
680 3.75e-05
681 3.875e-05
682 4e-05
683 3.875e-05
684 4e-05
685 3.875e-05
686 4e-05
687 3.875e-05
688 3.75e-05
689 3.625e-05
690 3.75e-05
691 3.625e-05
692 3.5e-05
693 3.375e-05
694 3.25e-05
695 3.375e-05
696 3.5e-05
697 3.625e-05
698 3.5e-05
699 3.375e-05
700 3.25e-05
701 3.125e-05
702 3e-05
703 3.125e-05
704 3.25e-05
705 3.125e-05
706 3.25e-05
707 3.125e-05
708 3.25e-05
709 3.375e-05
710 3.5e-05
711 3.625e-05
712 3.75e-05
713 3.875e-05
714 4e-05
715 4.125e-05
716 4e-05
717 4.125e-05
718 4e-05
719 3.875e-05
720 3.75e-05
721 3.875e-05
722 3.75e-05
723 3.625e-05
724 3.75e-05
725 3.625e-05
726 3.75e-05
727 3.625e-05
728 3.5e-05
729 3.625e-05
730 3.5e-05
731 3.375e-05
732 3.5e-05
733 3.375e-05
734 3.5e-05
735 3.625e-05
736 3.5e-05
737 3.625e-05
738 3.5e-05
739 3.375e-05
740 3.25e-05
741 3.375e-05
742 3.5e-05
743 3.625e-05
744 3.75e-05
745 3.875e-05
746 4e-05
747 3.875e-05
748 3.75e-05
749 3.875e-05
750 3.75e-05
751 3.875e-05
752 3.75e-05
753 3.625e-05
754 3.75e-05
755 3.875e-05
756 3.75e-05
757 3.625e-05
758 3.5e-05
759 3.375e-05
760 3.5e-05
761 3.625e-05
762 3.5e-05
763 3.625e-05
764 3.5e-05
765 3.375e-05
766 3.25e-05
767 3.375e-05
768 3.5e-05
769 3.625e-05
770 3.75e-05
771 3.875e-05
772 3.75e-05
773 3.875e-05
774 3.75e-05
775 3.875e-05
776 3.75e-05
777 3.625e-05
778 3.75e-05
779 3.875e-05
780 3.75e-05
781 3.625e-05
782 3.75e-05
783 3.875e-05
784 3.75e-05
785 3.625e-05
786 3.5e-05
787 3.375e-05
788 3.5e-05
789 3.375e-05
790 3.25e-05
791 3.375e-05
792 3.5e-05
793 3.625e-05
794 3.75e-05
795 3.875e-05
796 3.75e-05
797 3.875e-05
798 3.75e-05
799 3.875e-05
800 4e-05
801 4.125e-05
802 4e-05
803 3.875e-05
804 3.75e-05
805 3.625e-05
806 3.75e-05
807 3.625e-05
808 3.5e-05
809 3.625e-05
810 3.75e-05
811 3.625e-05
812 3.75e-05
813 3.625e-05
814 3.75e-05
815 3.625e-05
816 3.75e-05
817 3.875e-05
818 4e-05
819 4.125e-05
820 4.25e-05
821 4.375e-05
822 4.25e-05
823 4.125e-05
824 4.25e-05
825 4.125e-05
826 4e-05
827 4.125e-05
828 4.25e-05
829 4.375e-05
830 4.25e-05
831 4.375e-05
832 4.5e-05
833 4.625e-05
834 4.75e-05
835 4.625e-05
836 4.5e-05
837 4.375e-05
838 4.25e-05
839 4.125e-05
840 4e-05
841 4.125e-05
842 4e-05
843 3.875e-05
844 3.75e-05
845 3.875e-05
846 3.75e-05
847 3.875e-05
848 3.75e-05
849 3.625e-05
850 3.75e-05
851 3.875e-05
852 4e-05
853 3.875e-05
854 4e-05
855 3.875e-05
856 3.75e-05
857 3.875e-05
858 3.75e-05
859 3.875e-05
860 4e-05
861 4.125e-05
862 4e-05
863 3.875e-05
864 4e-05
865 3.875e-05
866 3.75e-05
867 3.625e-05
868 3.5e-05
869 3.625e-05
870 3.75e-05
871 3.875e-05
872 3.75e-05
873 3.625e-05
874 3.75e-05
875 3.875e-05
876 4e-05
877 3.875e-05
878 3.75e-05
879 3.625e-05
880 3.5e-05
881 3.625e-05
882 3.75e-05
883 3.875e-05
884 4e-05
885 3.875e-05
886 3.75e-05
887 3.875e-05
888 4e-05
889 4.125e-05
890 4e-05
891 4.125e-05
892 4.25e-05
893 4.375e-05
894 4.25e-05
895 4.125e-05
896 4.25e-05
897 4.125e-05
898 4e-05
899 4.125e-05
900 4.25e-05
901 4.375e-05
902 4.5e-05
903 4.375e-05
904 4.5e-05
905 4.625e-05
906 4.5e-05
907 4.625e-05
908 4.5e-05
909 4.625e-05
910 4.75e-05
911 4.625e-05
912 4.5e-05
913 4.375e-05
914 4.5e-05
915 4.625e-05
916 4.5e-05
917 4.625e-05
918 4.75e-05
919 4.625e-05
920 4.5e-05
921 4.625e-05
922 4.75e-05
923 4.625e-05
924 4.75e-05
925 4.875e-05
926 4.75e-05
927 4.625e-05
928 4.5e-05
929 4.375e-05
930 4.5e-05
931 4.625e-05
932 4.75e-05
933 4.875e-05
934 5e-05
935 5.125e-05
936 5.25e-05
937 5.375e-05
938 5.5e-05
939 5.625e-05
940 5.5e-05
941 5.375e-05
942 5.25e-05
943 5.125e-05
944 5e-05
945 4.875e-05
946 4.75e-05
947 4.875e-05
948 5e-05
949 5.125e-05
950 5.25e-05
951 5.125e-05
952 5.25e-05
953 5.125e-05
954 5.25e-05
955 5.125e-05
956 5.25e-05
957 5.125e-05
958 5.25e-05
959 5.375e-05
960 5.5e-05
961 5.375e-05
962 5.25e-05
963 5.375e-05
964 5.25e-05
965 5.125e-05
966 5.25e-05
967 5.125e-05
968 5e-05
969 5.125e-05
970 5.25e-05
971 5.125e-05
972 5e-05
973 5.125e-05
974 5e-05
975 5.125e-05
976 5.25e-05
977 5.375e-05
978 5.25e-05
979 5.125e-05
980 5.25e-05
981 5.125e-05
982 5e-05
983 4.875e-05
984 5e-05
985 5.125e-05
986 5e-05
987 4.875e-05
988 4.75e-05
989 4.875e-05
990 4.75e-05
991 4.625e-05
992 4.75e-05
993 4.875e-05
994 5e-05
995 5.125e-05
996 5e-05
997 5.125e-05
998 5.25e-05
999 5.375e-05
